time,note,scale degree,length
22.750,60,7,0.125
22.875,60,7,0.125
23.000,69,4,0.125
23.125,69,4,0.125
23.250,69,4,0.125
23.375,69,4,0.125
23.500,70,5,0.125
23.625,70,5,0.25
23.875,70,5,0.125
24.000,67,2,0.125
24.125,67,2,0.125
24.250,67,2,0.125
24.375,67,2,0.125
24.500,67,2,0.125
24.625,65,0,0.125
24.750,69,4,1.875
26.625,48,7,0.125
26.750,48,7,0.125
26.875,48,7,0.125
27.000,53,0,0.125
27.125,53,0,0.125
27.250,53,0,0.25
27.500,55,2,0.125
27.625,55,2,0.125
27.750,55,2,0.125
27.875,55,2,0.125
28.000,50,9,0.125
28.125,50,9,0.125
28.250,50,9,0.25
28.500,50,9,0.125
28.625,48,7,0.125
28.750,53,0,2.25
31.000,60,7,0.125
31.125,60,7,0.125
31.250,60,7,0.25
31.500,62,9,0.125
31.625,62,9,0.125
31.750,62,9,0.125
31.875,58,5,0.125
32.000,58,5,0.125
32.125,58,5,0.125
32.250,58,5,0.125
32.375,58,5,0.125
32.500,58,5,0.125
32.625,57,4,0.125
32.750,60,7,0.25
33.000,62,9,1.75
34.750,60,7,0.125
34.875,60,7,0.125
35.000,69,4,0.125
35.125,69,4,0.125
35.250,69,4,0.125
35.375,69,4,0.125
35.500,70,5,0.125
35.625,70,5,0.25
35.875,70,5,0.125
36.000,67,2,0.125
36.125,67,2,0.125
36.250,67,2,0.125
36.375,67,2,0.125
36.500,67,2,0.125
36.625,65,0,0.125
36.750,69,4,1.5
38.250,62,9,0.25
38.500,62,9,0.25
38.750,62,9,0.25
39.000,58,5,0.125
39.125,58,5,0.125
39.250,58,5,0.125
39.375,58,5,0.125
39.500,58,5,0.125
39.625,58,5,0.125
39.750,58,5,0.125
39.875,58,5,0.125
40.000,60,7,0.125
40.125,60,7,0.125
40.250,60,7,0.25
40.500,60,7,0.125
40.625,60,7,0.125
40.750,60,7,1.75
42.500,62,9,0.25
42.750,62,9,0.25
43.000,58,5,0.125
43.125,58,5,0.125
43.250,58,5,0.125
43.375,58,5,0.125
43.500,58,5,0.125
43.625,58,5,0.125
43.750,58,5,0.125
43.875,58,5,0.125
44.000,60,7,0.25
44.250,60,7,0.25
44.500,60,7,0.25
44.750,60,7,0.125
44.875,57,4,1.875
46.750,60,7,0.125
46.875,60,7,0.125
47.000,69,4,0.125
47.125,69,4,0.125
47.250,69,4,0.125
47.375,69,4,0.125
47.500,70,5,0.125
47.625,70,5,0.25
47.875,70,5,0.125
48.000,67,2,0.125
48.125,67,2,0.125
48.250,67,2,0.125
48.375,67,2,0.125
48.500,67,2,0.125
48.625,65,0,0.125
48.750,69,4,2.125
50.875,48,7,0.125
51.000,53,0,0.125
51.125,53,0,0.125
51.250,53,0,0.125
51.375,53,0,0.125
51.500,55,2,0.125
51.625,55,2,0.125
51.750,55,2,0.25
52.000,50,9,0.125
52.125,50,9,0.125
52.250,50,9,0.25
52.500,50,9,0.25
52.750,48,7,0.125
52.875,53,0,2.125
55.000,60,7,0.125
55.125,60,7,0.125
55.250,60,7,0.125
55.375,60,7,0.125
55.500,62,9,0.125
55.625,62,9,0.25
55.875,62,9,0.125
56.000,58,5,0.25
56.250,58,5,0.125
56.375,58,5,0.125
56.500,58,5,0.125
56.625,57,4,0.125
56.750,60,7,2.125
58.875,60,7,0.125
59.000,69,4,0.125
59.125,69,4,0.125
59.250,69,4,0.125
59.375,69,4,0.125
59.500,70,5,0.25
59.750,70,5,0.125
59.875,70,5,0.125
60.000,67,2,0.125
60.125,67,2,0.125
60.250,67,2,0.125
60.375,67,2,0.125
60.500,67,2,0.125
60.625,67,2,0.125
60.750,65,0,0.125
60.875,69,4,0.625
61.500,62,9,0.125
61.625,60,7,0.06300000000000239
61.688,58,5,0.06199999999999761
61.750,62,9,0.125
61.875,60,7,0.06300000000000239
61.938,62,9,0.3119999999999976
62.250,62,9,0.25
62.500,62,9,0.125
62.625,60,7,0.125
62.750,60,7,0.125
62.875,58,5,0.125
63.000,58,5,0.125
63.125,58,5,0.125
63.250,58,5,0.125
63.375,58,5,0.125
63.500,58,5,0.125
63.625,58,5,0.125
63.750,58,5,0.125
63.875,58,5,0.125
64.000,60,7,0.125
64.125,60,7,0.125
64.250,60,7,0.25
64.500,60,7,0.125
64.625,60,7,0.125
64.750,57,4,1.75
66.500,62,9,0.25
66.750,62,9,0.125
66.875,60,7,0.125
67.000,62,9,0.06199999999999761
67.062,60,7,0.06300000000000239
67.125,58,5,0.125
67.250,58,5,0.125
67.375,58,5,0.125
67.500,58,5,0.125
67.625,58,5,0.125
67.750,58,5,0.125
67.875,58,5,0.125
68.000,60,7,0.25
68.250,60,7,0.25
68.500,58,5,0.25
68.750,58,5,0.125
68.875,53,0,1.375
70.250,62,9,0.25
70.500,62,9,0.25
70.750,60,7,3.5
74.250,60,7,0.06199999999999761
74.312,60,7,0.06300000000000239
74.375,60,7,0.06300000000000239
74.438,60,7,0.06199999999999761
74.500,60,7,0.25
74.750,60,7,0.125
74.875,60,7,0.125
75.000,72,7,0.125
75.125,72,7,0.125
75.250,70,5,0.125
75.375,69,4,0.125
75.500,72,7,0.125
75.625,72,7,0.25
75.875,60,7,0.125
76.000,72,7,0.125
76.125,72,7,0.125
76.250,70,5,0.125
76.375,68,3,0.125
76.500,70,5,0.125
76.625,68,3,0.125
76.750,72,7,1.875
78.625,65,0,0.125
78.750,60,7,0.125
78.875,60,7,0.125
79.000,72,7,0.25
79.250,70,5,0.125
79.375,68,3,0.125
79.500,70,5,0.125
79.625,72,7,0.25
79.875,60,7,0.125
80.000,72,7,0.125
80.125,72,7,0.125
80.250,70,5,0.125
80.375,68,3,0.125
80.500,70,5,0.125
80.625,70,5,0.125
80.750,68,3,0.125
80.875,72,7,0.625
81.500,60,7,0.1880000000000024
81.688,60,7,0.06199999999999761
81.750,58,5,0.125
81.875,56,3,0.125
82.000,53,0,0.5
82.500,56,3,0.25
82.750,58,5,0.25
83.000,60,7,0.125
83.125,60,7,0.125
83.250,60,7,0.125
83.375,60,7,0.125
83.500,62,9,0.375
83.875,60,7,0.125
84.000,58,5,0.25
84.250,58,5,0.25
84.500,58,5,0.125
84.625,57,4,0.125
84.750,60,7,0.25
85.000,62,9,1.5
86.500,58,5,0.25
86.750,58,5,0.25
87.000,72,7,0.125
87.125,72,7,0.125
87.250,70,5,0.125
87.375,68,3,0.125
87.500,72,7,0.125
87.625,72,7,0.25
87.875,60,7,0.125
88.000,72,7,0.25
88.250,70,5,0.125
88.375,68,3,0.125
88.500,70,5,0.125
88.625,69,4,0.125
88.750,69,4,0.75
89.500,60,7,0.1880000000000024
89.688,58,5,0.1869999999999976
89.875,56,3,0.375
90.250,60,7,0.25
90.500,60,7,0.25
90.750,60,7,0.25
91.000,58,5,0.125
91.125,58,5,0.125
91.250,58,5,0.125
91.375,58,5,0.125
91.500,58,5,0.125
91.625,58,5,0.125
91.750,58,5,0.125
91.875,58,5,0.125
92.000,60,7,0.125
92.125,60,7,0.125
92.250,60,7,0.25
92.500,58,5,0.125
92.625,56,3,0.125
92.750,56,3,1.0
93.750,53,0,0.06199999999999761
93.812,53,0,0.06300000000000239
93.875,53,0,0.06300000000000239
93.938,53,0,0.06199999999999761
94.000,53,0,0.5
94.500,60,7,0.25
94.750,60,7,0.25
95.000,58,5,0.125
95.125,58,5,0.125
95.250,58,5,0.125
95.375,58,5,0.125
95.500,58,5,0.125
95.625,58,5,0.125
95.750,58,5,0.125
95.875,58,5,0.125
96.000,60,7,0.25
96.250,60,7,0.25
96.500,60,7,0.25
96.750,60,7,0.125
96.875,57,4,1.125
98.000,60,7,0.125
98.125,60,7,0.06300000000000239
98.188,58,5,0.12399999999999523
98.312,56,3,0.1880000000000024
98.500,53,0,0.375
98.875,53,0,0.125
99.000,58,5,0.125
99.125,58,5,0.125
99.250,58,5,0.125
99.375,58,5,0.125
99.500,58,5,0.125
99.625,58,5,0.125
99.750,58,5,0.125
99.875,58,5,0.125
100.000,60,7,0.125
100.125,60,7,0.125
100.250,60,7,0.25
100.500,60,7,0.125
100.625,60,7,0.125
100.750,57,4,1.75
102.500,63,10,0.25
102.750,63,10,0.125
102.875,62,9,0.125
103.000,62,9,0.125
103.125,62,9,0.125
103.250,58,5,0.125
103.375,58,5,0.125
103.500,58,5,0.125
103.625,58,5,0.125
103.750,58,5,0.125
103.875,58,5,0.125
104.000,60,7,0.25
104.250,60,7,0.25
104.500,60,7,0.25
104.750,60,7,0.125
104.875,57,4,1.5630000000000024
106.438,60,7,0.12399999999999523
106.562,60,7,0.12600000000000477
106.688,58,5,0.1869999999999976
106.875,56,3,0.06300000000000239
106.938,58,5,0.12399999999999523
107.062,56,3,0.06300000000000239
107.125,53,0,0.75
107.875,60,7,0.125
108.000,53,0,0.4380000000000024
108.438,60,7,0.12399999999999523
108.562,58,5,0.12600000000000477
108.688,58,5,0.12399999999999523
108.812,58,5,0.12600000000000477
108.938,57,4,1.5
110.438,60,7,0.12399999999999523
110.562,58,5,0.12600000000000477
110.688,58,5,0.12399999999999523
110.812,58,5,0.12600000000000477
110.938,57,4,1.9369999999999976
112.875,60,7,0.125
113.000,60,7,1.0
114.000,65,0,0.06199999999999761
114.062,65,0,0.12600000000000477
114.188,65,0,0.12399999999999523
114.312,65,0,0.1880000000000024
114.500,63,10,0.125
114.625,60,7,0.25
114.875,48,7,0.125
115.000,53,0,0.125
115.125,53,0,0.125
115.250,53,0,0.125
115.375,53,0,0.125
115.500,53,0,0.125
115.625,53,0,0.125
115.750,57,4,0.125
115.875,58,5,0.125
116.000,60,7,0.125
116.125,60,7,0.125
116.250,60,7,0.25
116.500,58,5,0.125
116.625,56,3,0.125
116.750,58,5,0.125
116.875,56,3,0.9369999999999976
117.812,60,7,0.1880000000000024
118.000,60,7,0.06199999999999761
118.062,58,5,0.06300000000000239
118.125,56,3,0.375
118.500,60,7,0.25
118.750,60,7,0.25
119.000,65,0,0.125
119.125,65,0,0.125
119.250,65,0,0.125
119.375,65,0,0.125
119.500,65,0,0.125
119.625,65,0,0.125
119.750,65,0,0.125
119.875,67,2,0.125
120.000,69,4,0.25
120.250,69,4,0.25
120.500,69,4,0.25
120.750,69,4,0.125
120.875,65,0,0.5630000000000024
121.438,62,9,0.12399999999999523
121.562,60,7,0.12600000000000477
121.688,58,5,0.12399999999999523
121.812,56,3,0.12600000000000477
121.938,58,5,0.12399999999999523
122.062,56,3,0.06300000000000239
122.125,53,0,1.5630000000000024
123.688,65,0,0.12399999999999523
123.812,60,7,0.06300000000000239
123.875,60,7,0.06300000000000239
123.938,60,7,0.06199999999999761
124.000,62,9,0.4380000000000024
124.438,65,0,0.12399999999999523
124.562,62,9,0.12600000000000477
124.688,65,0,0.12399999999999523
124.812,62,9,0.12600000000000477
124.938,65,0,0.75
125.688,65,0,0.12399999999999523
125.812,60,7,0.06300000000000239
125.875,60,7,0.06300000000000239
125.938,60,7,0.06199999999999761
126.000,62,9,1.875
127.875,65,0,0.06300000000000239
127.938,65,0,0.06199999999999761
128.000,65,0,0.125
128.125,60,7,0.125
128.250,60,7,0.125
128.375,60,7,0.06299999999998818
128.438,62,9,0.8120000000000118
129.250,60,7,0.06200000000001182
129.312,60,7,0.06299999999998818
129.375,60,7,0.06299999999998818
129.438,60,7,0.06200000000001182
129.500,62,9,0.3120000000000118
129.812,60,7,0.06299999999998818
129.875,60,7,0.06299999999998818
129.938,60,7,0.06200000000001182
130.000,60,7,0.125
130.125,60,7,0.125
130.250,60,7,0.125
130.375,60,7,0.06299999999998818
130.438,62,9,1.5620000000000118
132.000,63,10,0.125
132.125,63,10,0.06299999999998818
132.188,63,10,0.12400000000002365
132.312,63,10,0.12599999999997635
132.438,63,10,0.12400000000002365
132.562,63,10,0.12599999999997635
132.688,63,10,0.12400000000002365
132.812,63,10,0.06299999999998818
132.875,63,10,0.125
133.000,65,0,1.125
134.125,63,10,0.06299999999998818
134.188,63,10,0.12400000000002365
134.312,63,10,0.3129999999999882
134.625,63,10,0.125
134.750,63,10,0.25
135.000,65,0,0.375
135.375,69,4,0.75
136.125,63,10,0.125
136.250,63,10,0.25
136.500,63,10,0.125
136.625,63,10,0.06299999999998818
136.688,63,10,0.12400000000002365
136.812,63,10,0.06299999999998818
136.875,63,10,0.125
137.000,67,2,0.375
137.375,69,4,0.5
137.875,63,10,0.125
138.000,65,0,0.125
138.125,63,10,0.125
138.250,65,0,0.125
138.375,63,10,0.06299999999998818
138.438,65,0,0.12400000000002365
138.562,63,10,0.4379999999999882
139.000,67,2,0.375
139.375,69,4,0.625
140.000,65,0,0.06200000000001182
140.062,63,10,0.12599999999997635
140.188,65,0,0.12400000000002365
140.312,63,10,0.12599999999997635
140.438,65,0,0.12400000000002365
140.562,63,10,0.12599999999997635
140.688,63,10,0.3120000000000118
141.000,67,2,0.375
141.375,69,4,0.625
142.000,65,0,0.06200000000001182
142.062,63,10,0.12599999999997635
142.188,65,0,0.12400000000002365
142.312,65,0,0.12599999999997635
142.438,65,0,0.12400000000002365
142.562,63,10,0.12599999999997635
142.688,63,10,0.3120000000000118
143.000,67,2,0.375
143.375,69,4,0.625
144.000,65,0,0.125
144.125,60,7,0.06299999999998818
144.188,65,0,0.12400000000002365
144.312,65,0,0.12599999999997635
144.438,69,4,0.12400000000002365
144.562,65,0,0.12599999999997635
144.688,65,0,0.12400000000002365
144.812,62,9,0.18799999999998818
145.000,67,2,0.375
145.375,69,4,0.5
145.875,65,0,0.06299999999998818
145.938,65,0,0.4370000000000118
146.375,65,0,0.06299999999998818
146.438,65,0,0.18700000000001182
146.625,65,0,0.125
146.750,65,0,0.25
147.000,67,2,0.375
147.375,69,4,0.625
148.000,65,0,0.125
148.125,63,10,0.06299999999998818
148.188,65,0,0.12400000000002365
148.312,65,0,0.6879999999999882
149.000,67,2,0.375
149.375,69,4,0.625
150.000,65,0,0.125
150.125,63,10,0.125
150.250,65,0,0.06200000000001182
150.312,65,0,0.06299999999998818
150.375,65,0,0.06299999999998818
150.438,65,0,0.06200000000001182
150.500,65,0,0.125
150.625,60,7,0.125
150.750,63,10,0.25
151.000,67,2,0.375
151.375,69,4,0.6870000000000118
152.062,75,10,0.12599999999997635
152.188,77,0,0.12400000000002365
152.312,79,2,0.12599999999997635
152.438,81,4,0.5620000000000118
153.000,67,2,0.375
153.375,69,4,1.625
155.000,67,2,0.375
155.375,69,4,0.75
156.125,65,0,0.06299999999998818
156.188,65,0,0.3120000000000118
156.500,65,0,0.125
156.625,60,7,0.06299999999998818
156.688,62,9,0.3120000000000118
157.000,67,2,0.375
157.375,69,4,0.75
158.125,72,7,0.06299999999998818
158.188,74,9,0.3120000000000118
158.500,72,7,0.25
158.750,68,3,0.125
158.875,67,2,0.125
159.000,67,2,0.375
159.375,69,4,0.25
159.625,63,10,0.125
159.750,63,10,1.25
161.000,67,2,0.375
161.375,69,4,0.5
161.875,63,10,0.06299999999998818
161.938,63,10,0.06200000000001182
162.000,63,10,0.125
162.125,63,10,0.06299999999998818
162.188,63,10,0.12400000000002365
162.312,63,10,0.12599999999997635
162.438,65,0,0.12400000000002365
162.562,63,10,0.12599999999997635
162.688,63,10,0.12400000000002365
162.812,63,10,0.06299999999998818
162.875,63,10,0.125
163.000,67,2,0.375
163.375,69,4,0.6870000000000118
164.062,60,7,0.06299999999998818
164.125,62,9,0.125
164.250,65,0,0.06200000000001182
164.312,65,0,0.06299999999998818
164.375,65,0,0.06299999999998818
164.438,62,9,0.5620000000000118
165.000,67,2,0.375
165.375,69,4,0.25
