time,note,scale degree,length
8.250,59,4,0.25
8.500,62,7,0.25
8.750,59,4,0.125
8.875,64,9,0.375
9.250,59,4,0.125
9.375,62,7,0.375
9.750,64,9,0.5
10.250,59,4,2.0
12.250,55,0,0.125
12.375,59,4,0.375
12.750,60,5,0.25
13.000,59,4,0.125
13.125,57,2,0.125
13.250,55,0,0.5
13.750,57,2,0.25
14.000,52,9,0.25
14.250,59,4,0.125
14.375,59,4,1.875
16.250,59,4,0.25
16.500,62,7,0.25
16.750,62,7,0.125
16.875,64,9,0.375
17.250,59,4,0.25
17.500,62,7,0.25
17.750,64,9,0.25
18.000,59,4,2.25
20.250,55,0,0.25
20.500,59,4,0.25
20.750,60,5,0.25
21.000,59,4,0.25
21.250,57,2,0.125
21.375,55,0,0.25
21.625,57,2,0.125
21.750,55,0,2.5
24.250,55,0,0.25
24.500,59,4,0.25
24.750,60,5,0.25
25.000,59,4,0.25
25.250,57,2,0.125
25.375,55,0,0.25
25.625,57,2,0.125
25.750,55,0,2.5
28.250,62,7,0.25
28.500,62,7,0.125
28.625,62,7,0.25
28.875,64,9,0.375
29.250,59,4,0.25
29.500,62,7,0.125
29.625,64,9,0.25
29.875,59,4,2.375
32.250,55,0,0.25
32.500,59,4,0.125
32.625,60,5,0.25
32.875,59,4,0.25
33.125,57,2,0.375
33.500,55,0,0.25
33.750,57,2,0.125
33.875,52,9,0.375
34.250,59,4,0.25
34.500,59,4,1.75
36.250,59,4,0.25
36.500,62,7,0.25
36.750,59,4,0.25
37.000,64,9,0.125
37.125,59,4,0.375
37.500,62,7,0.125
37.625,64,9,0.375
38.000,59,4,2.25
40.250,55,0,0.25
40.500,59,4,0.25
40.750,60,5,0.25
41.000,59,4,0.25
41.250,57,2,0.125
41.375,55,0,0.625
42.000,59,4,0.125
42.125,58,3,0.125
42.250,59,4,0.125
42.375,58,3,0.125
42.500,59,4,0.125
42.625,58,3,0.125
42.750,59,4,0.125
42.875,58,3,0.125
43.000,59,4,0.125
43.125,58,3,0.125
43.250,59,4,0.125
43.375,58,3,0.125
43.500,59,4,0.25
43.750,64,9,0.25
44.000,67,0,2.25
46.250,59,4,0.25
46.500,62,7,0.25
46.750,59,4,0.25
47.000,64,9,0.25
47.250,59,4,0.125
47.375,62,7,0.375
47.750,64,9,0.5
48.250,59,4,2.0
50.250,55,0,0.25
50.500,59,4,0.25
50.750,60,5,0.125
50.875,59,4,0.375
51.250,57,2,0.25
51.500,55,0,0.25
51.750,57,2,0.25
52.000,52,9,0.25
52.250,59,4,0.125
52.375,59,4,1.875
54.250,59,4,0.25
54.500,62,7,0.25
54.750,59,4,0.25
55.000,64,9,0.125
55.125,59,4,0.375
55.500,62,7,0.25
55.750,64,9,0.125
55.875,59,4,2.375
58.250,55,0,0.125
58.375,59,4,0.375
58.750,60,5,0.25
59.000,59,4,0.25
59.250,57,2,0.125
59.375,55,0,1.125
60.500,59,4,0.25
60.750,60,5,0.25
61.000,59,4,0.5
61.500,64,9,0.5
62.000,67,0,1.75
63.750,64,9,0.25
64.000,67,0,0.5
64.500,64,9,0.5
65.000,59,4,0.125
65.125,60,5,0.125
65.250,59,4,0.125
65.375,60,5,0.125
65.500,59,4,0.125
65.625,60,5,0.125
65.750,59,4,0.125
65.875,60,5,0.125
66.000,59,4,0.125
66.125,60,5,0.125
66.250,59,4,0.125
66.375,60,5,0.125
66.500,59,4,0.125
66.625,60,5,0.125
66.750,59,4,0.125
66.875,60,5,0.125
67.000,59,4,0.125
67.125,60,5,0.125
67.250,59,4,0.125
67.375,60,5,0.125
67.500,59,4,0.125
67.625,60,5,0.125
67.750,59,4,0.125
67.875,60,5,23.875
91.750,56,4,0.125
91.875,59,7,0.75
92.625,56,4,0.125
92.750,59,7,0.125
92.875,58,6,0.125
93.000,59,7,0.75
93.750,59,7,0.125
93.875,56,4,0.125
94.000,59,7,0.375
94.375,56,4,0.125
94.500,50,10,0.25
94.750,50,10,0.125
94.875,52,0,1.875
96.750,56,4,0.125
96.875,57,5,0.125
97.000,59,7,0.125
97.125,59,7,0.375
97.500,59,7,0.25
97.750,56,4,0.25
98.000,57,5,0.125
98.125,54,2,0.125
98.250,54,2,0.625
98.875,47,7,0.125
99.000,56,4,0.125
99.125,59,7,0.25
99.375,59,7,0.5
99.875,49,9,0.125
100.000,57,5,0.125
100.125,54,2,0.125
100.250,54,2,0.125
100.375,53,1,0.125
100.500,54,2,1.25
101.750,59,7,0.125
101.875,57,5,0.125
102.000,59,7,0.375
102.375,52,0,0.125
102.500,59,7,0.25
102.750,56,4,0.125
102.875,59,7,0.875
103.750,59,7,0.125
103.875,56,4,0.125
104.000,59,7,0.375
104.375,50,10,0.125
104.500,52,0,0.125
104.625,50,10,0.375
105.000,52,0,1.75
106.750,56,4,0.125
106.875,57,5,0.125
107.000,59,7,0.125
107.125,59,7,0.375
107.500,59,7,0.25
107.750,56,4,0.25
108.000,57,5,0.125
108.125,54,2,0.375
108.500,54,2,0.375
108.875,52,0,0.125
109.000,59,7,0.08299999999999841
109.083,59,7,0.08400000000000318
109.167,59,7,0.2079999999999984
109.375,59,7,0.25
109.625,56,4,0.125
109.750,56,4,0.125
109.875,57,5,0.125
110.000,54,2,0.125
110.125,54,2,0.125
110.250,54,2,0.125
110.375,54,2,0.625
111.000,64,9,1.5
112.500,62,7,0.25
112.750,60,5,0.25
113.000,59,4,1.5
114.500,62,7,0.25
114.750,64,9,0.25
115.000,66,11,1.5
116.500,67,0,0.25
116.750,66,11,0.25
117.000,66,11,0.25
117.250,64,9,1.25
118.500,64,9,0.25
118.750,64,9,0.25
119.000,64,9,2.0
121.000,64,9,1.5
122.500,65,10,0.25
122.750,64,9,0.25
123.000,62,7,1.5
124.500,62,7,0.25
124.750,64,9,0.25
125.000,66,11,1.5
126.500,67,0,0.25
126.750,66,11,0.25
127.000,66,11,0.25
127.250,64,9,4.0
131.250,59,4,0.25
131.500,62,7,0.25
131.750,59,4,0.125
131.875,64,9,0.375
132.250,59,4,0.125
132.375,62,7,0.375
132.750,64,9,0.25
133.000,59,4,2.25
135.250,55,0,0.25
135.500,59,4,0.25
135.750,60,5,0.125
135.875,59,4,0.375
136.250,57,2,0.25
136.500,55,0,0.25
136.750,57,2,0.25
137.000,52,9,0.25
137.250,59,4,0.125
137.375,59,4,1.875
139.250,59,4,0.25
139.500,62,7,0.25
139.750,59,4,0.125
139.875,64,9,0.375
140.250,59,4,0.125
140.375,62,7,0.375
140.750,64,9,0.25
141.000,59,4,2.25
143.250,55,0,0.25
143.500,59,4,0.25
143.750,60,5,0.125
143.875,59,4,0.375
144.250,57,2,0.125
144.375,55,0,0.625
145.000,59,4,0.125
145.125,58,3,0.125
145.250,59,4,0.125
145.375,58,3,0.125
145.500,59,4,0.125
145.625,58,3,0.125
145.750,59,4,0.125
145.875,58,3,0.125
146.000,59,4,0.125
146.125,58,3,0.125
146.250,59,4,0.125
146.375,58,3,0.125
146.500,59,4,0.25
146.750,64,9,0.25
147.000,67,0,1.75
148.750,64,9,0.25
149.000,67,0,0.5
149.500,64,9,0.5
150.000,59,4,0.125
150.125,60,5,0.125
150.250,59,4,0.125
150.375,60,5,0.125
150.500,59,4,0.125
150.625,60,5,0.125
150.750,59,4,0.125
150.875,60,5,0.125
151.000,59,4,0.125
151.125,60,5,0.125
151.250,59,4,0.125
151.375,60,5,0.125
151.500,59,4,0.125
151.625,60,5,0.125
151.750,59,4,0.125
151.875,60,5,0.125
152.000,59,4,0.125
152.125,60,5,0.125
152.250,59,4,0.125
152.375,60,5,0.125
152.500,59,4,0.125
152.625,60,5,0.125
152.750,59,4,0.125
