time,note,scale degree,length
0.000,66,9,0.875
0.875,64,7,0.125
1.000,65,8,0.25
1.250,64,7,0.125
1.375,64,7,0.375
1.750,62,5,0.25
2.000,67,10,0.625
2.625,59,2,0.25
2.875,62,5,0.125
3.000,65,8,0.125
3.125,64,7,0.25
3.375,64,7,0.25
3.625,62,5,0.25
3.875,59,2,0.125
4.000,68,11,0.625
4.625,59,2,0.125
4.750,62,5,0.125
4.875,59,2,0.125
5.000,66,9,0.25
5.250,64,7,0.125
5.375,64,7,0.625
6.000,73,4,0.375
6.375,71,2,0.125
6.500,69,0,1.75
8.250,61,4,0.125
8.375,61,4,0.375
8.750,61,4,0.25
9.000,61,4,0.25
9.250,61,4,0.125
9.375,61,4,0.25
9.625,61,4,0.375
10.000,61,4,0.25
10.250,61,4,0.125
10.375,61,4,0.25
10.625,64,7,0.25
10.875,61,4,0.625
11.500,59,2,0.125
11.625,57,0,0.5
12.125,60,3,0.125
12.250,61,4,0.125
12.375,60,3,0.125
12.500,61,4,0.25
12.750,60,3,0.25
13.000,61,4,0.125
13.125,60,3,0.25
13.375,61,4,0.125
13.500,61,4,0.5
14.000,62,5,0.25
14.250,62,5,0.25
14.500,62,5,0.125
14.625,62,5,0.25
14.875,61,4,1.375
16.250,61,4,0.25
16.500,61,4,0.25
16.750,61,4,0.25
17.000,61,4,0.25
17.250,61,4,0.125
17.375,61,4,0.25
17.625,61,4,0.375
18.000,61,4,0.25
18.250,61,4,0.25
18.500,61,4,0.25
18.750,64,7,0.25
19.000,61,4,0.5
19.500,59,2,0.125
19.625,57,0,0.625
20.250,61,4,0.125
20.375,60,3,0.125
20.500,61,4,0.375
20.875,60,3,0.125
21.000,61,4,0.125
21.125,60,3,0.125
21.250,61,4,0.625
21.875,57,0,0.125
22.000,62,5,0.25
22.250,62,5,0.25
22.500,62,5,0.25
22.750,62,5,0.125
22.875,61,4,1.125
24.000,64,7,0.25
24.250,64,7,0.25
24.500,64,7,0.125
24.625,64,7,0.25
24.875,64,7,0.125
25.000,62,5,0.25
25.250,62,5,0.25
25.500,61,4,0.25
25.750,59,2,0.25
26.000,62,5,0.5
26.500,61,4,0.125
26.625,59,2,0.875
27.500,61,4,0.125
27.625,62,5,0.25
27.875,64,7,0.375
28.250,64,7,0.25
28.500,64,7,0.25
28.750,64,7,0.125
28.875,64,7,0.125
29.000,62,5,0.25
29.250,62,5,0.25
29.500,61,4,0.125
29.625,59,2,0.375
30.000,62,5,0.5
30.500,61,4,0.125
30.625,59,2,1.375
32.000,64,7,0.25
32.250,64,7,0.125
32.375,64,7,0.25
32.625,64,7,0.25
32.875,64,7,0.375
33.250,62,5,0.25
33.500,61,4,0.25
33.750,59,2,0.25
34.000,62,5,0.5
34.500,61,4,0.125
34.625,59,2,0.875
35.500,64,7,0.25
35.750,64,7,0.25
36.000,73,4,1.0
37.000,71,2,0.125
37.125,69,0,0.375
37.500,64,7,0.125
37.625,62,5,0.375
38.000,61,4,2.25
40.250,61,4,0.25
40.500,61,4,0.25
40.750,61,4,0.25
41.000,61,4,0.25
41.250,61,4,0.125
41.375,61,4,0.375
41.750,61,4,0.125
41.875,61,4,0.375
42.250,61,4,0.25
42.500,61,4,0.125
42.625,64,7,0.25
42.875,61,4,0.625
43.500,59,2,0.125
43.625,57,0,0.625
44.250,61,4,0.25
44.500,61,4,0.25
44.750,61,4,0.25
45.000,61,4,0.25
45.250,61,4,0.25
45.500,61,4,0.25
45.750,61,4,0.25
46.000,62,5,0.125
46.125,62,5,0.375
46.500,62,5,0.25
46.750,62,5,0.125
46.875,61,4,1.375
48.250,61,4,0.125
48.375,61,4,0.375
48.750,61,4,0.25
49.000,61,4,0.125
49.125,61,4,0.25
49.375,61,4,0.25
49.625,61,4,0.375
50.000,61,4,0.25
50.250,61,4,0.25
50.500,61,4,0.25
50.750,64,7,0.25
51.000,61,4,0.5
51.500,59,2,0.125
51.625,57,0,0.5
52.125,60,3,0.125
52.250,61,4,0.125
52.375,60,3,0.125
52.500,61,4,0.375
52.875,60,3,0.125
53.000,61,4,0.125
53.125,60,3,0.125
53.250,61,4,0.625
53.875,61,4,0.125
54.000,62,5,0.125
54.125,62,5,0.25
54.375,62,5,0.375
54.750,62,5,0.125
54.875,61,4,1.125
56.000,64,7,0.25
56.250,64,7,0.25
56.500,64,7,0.125
56.625,64,7,0.25
56.875,64,7,0.125
57.000,62,5,0.25
57.250,62,5,0.25
57.500,61,4,0.25
57.750,59,2,0.25
58.000,62,5,0.5
58.500,61,4,0.125
58.625,59,2,0.875
59.500,61,4,0.125
59.625,62,5,0.25
59.875,64,7,0.375
60.250,64,7,0.25
60.500,64,7,0.25
60.750,64,7,0.125
60.875,64,7,0.125
61.000,62,5,0.25
61.250,62,5,0.25
61.500,61,4,0.125
61.625,59,2,0.375
62.000,62,5,0.5
62.500,61,4,0.125
62.625,59,2,1.375
64.000,64,7,0.25
64.250,64,7,0.125
64.375,64,7,0.25
64.625,64,7,0.25
64.875,64,7,0.375
65.250,62,5,0.25
65.500,61,4,0.25
65.750,59,2,0.25
66.000,62,5,0.5
66.500,61,4,0.125
66.625,59,2,0.875
67.500,64,7,0.25
67.750,64,7,0.25
68.000,73,4,1.0
69.000,71,2,0.125
69.125,69,0,0.375
69.500,64,7,0.125
69.625,62,5,0.375
70.000,61,4,2.25
72.250,61,4,0.125
72.375,61,4,0.375
72.750,61,4,0.25
73.000,61,4,0.25
73.250,61,4,0.125
73.375,61,4,0.25
73.625,61,4,0.375
74.000,61,4,0.25
74.250,61,4,0.125
74.375,61,4,0.25
74.625,64,7,0.25
74.875,61,4,0.625
75.500,59,2,0.125
75.625,57,0,0.5
76.125,60,3,0.125
76.250,61,4,0.125
76.375,60,3,0.125
76.500,61,4,0.25
76.750,60,3,0.25
77.000,61,4,0.125
77.125,60,3,0.25
77.375,61,4,0.125
77.500,61,4,0.5
78.000,62,5,0.25
78.250,62,5,0.25
78.500,62,5,0.125
78.625,62,5,0.25
78.875,61,4,1.375
80.250,61,4,0.25
80.500,61,4,0.25
80.750,61,4,0.25
81.000,61,4,0.25
81.250,61,4,0.125
81.375,61,4,0.25
81.625,61,4,0.375
82.000,61,4,0.25
82.250,61,4,0.25
82.500,61,4,0.25
82.750,64,7,0.25
83.000,61,4,0.5
83.500,59,2,0.125
83.625,57,0,0.625
84.250,61,4,0.125
84.375,60,3,0.125
84.500,61,4,0.375
84.875,60,3,0.125
85.000,61,4,0.25
85.250,60,3,0.125
85.375,61,4,0.5
85.875,57,0,0.125
86.000,62,5,0.25
86.250,62,5,0.25
86.500,62,5,0.25
86.750,62,5,0.125
86.875,61,4,1.125
88.000,64,7,0.25
88.250,64,7,0.25
88.500,64,7,0.125
88.625,64,7,0.25
88.875,64,7,0.125
89.000,62,5,0.25
89.250,62,5,0.25
89.500,61,4,0.25
89.750,59,2,0.25
90.000,62,5,0.5
90.500,61,4,0.125
90.625,59,2,0.875
91.500,61,4,0.125
91.625,62,5,0.25
91.875,64,7,0.375
92.250,64,7,0.25
92.500,64,7,0.25
92.750,64,7,0.125
92.875,64,7,0.375
93.250,62,5,0.25
93.500,61,4,0.125
93.625,59,2,0.375
94.000,62,5,0.5
94.500,61,4,0.125
94.625,59,2,1.375
96.000,64,7,0.25
96.250,64,7,0.125
96.375,64,7,0.25
96.625,64,7,0.25
96.875,64,7,0.375
97.250,62,5,0.25
97.500,61,4,0.25
97.750,59,2,0.25
98.000,62,5,0.5
98.500,61,4,0.125
98.625,59,2,0.875
99.500,64,7,0.25
99.750,64,7,0.25
100.000,73,4,1.0
101.000,71,2,0.125
101.125,69,0,0.375
101.500,64,7,0.125
101.625,62,5,0.375
102.000,61,4,0.5
102.500,64,7,0.125
102.625,66,9,0.375
103.000,66,9,0.5
103.500,64,7,0.125
103.625,66,9,0.375
104.000,69,0,0.375
104.375,66,9,0.125
104.500,64,7,0.5
