time,note,scale degree,length
3.375,59,7,0.125
3.500,62,10,0.125
3.625,64,0,0.25
3.875,64,0,0.625
4.500,64,0,0.125
4.625,62,10,0.25
4.875,66,2,0.06299999999999972
4.938,64,0,0.6870000000000003
5.625,57,5,0.125
5.750,64,0,0.25
6.000,64,0,0.5
6.500,64,0,0.125
6.625,62,10,0.25
6.875,66,2,0.06299999999999972
6.938,64,0,0.8120000000000003
7.750,64,0,0.125
7.875,62,10,0.125
8.000,64,0,0.25
8.250,62,10,0.125
8.375,59,7,0.5
8.875,64,0,0.125
9.000,66,2,0.375
9.375,64,0,0.125
9.500,62,10,0.25
9.750,64,0,0.125
9.875,62,10,0.25
10.125,59,7,1.625
11.750,63,11,0.25
12.000,59,7,0.5
12.500,61,9,0.125
12.625,63,11,0.25
12.875,64,0,0.625
13.500,66,2,0.125
13.625,67,3,0.25
13.875,66,2,0.25
14.125,64,0,0.75
14.875,76,0,0.75
15.625,64,0,0.125
15.750,64,0,0.25
16.000,64,0,0.5
16.500,62,10,0.5
17.000,59,7,0.625
17.625,55,3,0.25
17.875,55,3,0.125
18.000,52,0,1.75
19.750,64,0,0.125
19.875,64,0,0.625
20.500,64,0,0.125
20.625,62,10,0.25
20.875,66,2,0.06299999999999883
20.938,64,0,0.8120000000000012
21.750,64,0,0.125
21.875,64,0,0.5
22.375,64,0,0.25
22.625,62,10,0.25
22.875,66,2,0.06299999999999883
22.938,64,0,0.8120000000000012
23.750,64,0,0.125
23.875,62,10,0.125
24.000,64,0,0.25
24.250,62,10,0.125
24.375,59,7,0.5
24.875,66,2,0.25
25.125,66,2,0.125
25.250,64,0,0.125
25.375,62,10,0.375
25.750,64,0,0.125
25.875,62,10,0.25
26.125,59,7,1.875
28.000,59,7,0.5
28.500,61,9,0.125
28.625,63,11,0.25
28.875,64,0,0.625
29.500,66,2,0.125
29.625,67,3,0.25
29.875,66,2,0.25
30.125,64,0,0.75
30.875,76,0,0.75
31.625,64,0,0.125
31.750,64,0,0.25
32.000,64,0,0.5
32.500,62,10,0.5
33.000,59,7,0.625
33.625,55,3,0.25
33.875,55,3,0.125
34.000,52,0,1.5
35.500,61,9,0.25
35.750,64,0,0.25
36.000,67,3,0.5
36.500,66,2,0.375
36.875,64,0,0.625
37.500,61,9,0.25
37.750,64,0,0.25
38.000,67,3,0.5
38.500,66,2,0.375
38.875,64,0,0.625
39.500,61,9,0.25
39.750,64,0,0.25
40.000,67,3,0.5
40.500,66,2,0.5
41.000,64,0,0.5
41.500,64,0,0.5
42.000,66,2,0.125
42.125,71,7,1.875
44.000,73,9,1.375
45.375,69,5,0.25
45.625,67,3,0.25
45.875,64,0,0.625
46.500,64,0,0.125
46.625,62,10,0.25
46.875,66,2,0.06300000000000239
46.938,64,0,0.8119999999999976
47.750,64,0,0.125
47.875,62,10,0.125
48.000,64,0,0.25
48.250,64,0,0.25
48.500,64,0,0.125
48.625,62,10,0.25
48.875,66,2,0.06300000000000239
48.938,64,0,0.8119999999999976
49.750,64,0,0.125
49.875,62,10,0.125
50.000,64,0,0.25
50.250,62,10,0.125
50.375,59,7,0.5
50.875,66,2,0.25
51.125,66,2,0.125
51.250,64,0,0.125
51.375,62,10,0.375
51.750,64,0,0.125
51.875,62,10,0.25
52.125,59,7,1.625
53.750,63,11,0.25
54.000,59,7,0.5
54.500,61,9,0.125
54.625,63,11,0.25
54.875,64,0,0.625
55.500,66,2,0.125
55.625,67,3,0.25
55.875,66,2,0.25
56.125,64,0,0.75
56.875,76,0,0.75
57.625,64,0,0.125
57.750,64,0,0.25
58.000,64,0,0.5
58.500,62,10,0.5
59.000,59,7,0.625
59.625,55,3,0.25
59.875,55,3,0.125
60.000,52,0,17.5
77.500,61,9,0.25
77.750,64,0,0.25
78.000,67,3,0.5
78.500,66,2,0.375
78.875,64,0,0.625
79.500,61,9,0.25
79.750,64,0,0.25
80.000,67,3,0.5
80.500,66,2,0.375
80.875,64,0,0.625
81.500,61,9,0.25
81.750,64,0,0.25
82.000,67,3,0.5
82.500,66,2,0.375
82.875,64,0,0.625
83.500,64,0,0.5
84.000,66,2,0.125
84.125,71,7,1.875
86.000,73,9,1.125
87.125,69,5,0.625
87.750,67,3,0.25
88.000,64,0,0.5
88.500,64,0,0.125
88.625,62,10,0.25
88.875,66,2,0.06300000000000239
88.938,64,0,0.8119999999999976
89.750,64,0,0.125
89.875,62,10,0.125
90.000,64,0,0.25
90.250,64,0,0.25
90.500,64,0,0.125
90.625,62,10,0.25
90.875,66,2,0.06300000000000239
90.938,64,0,0.8119999999999976
91.750,64,0,0.125
91.875,62,10,0.125
92.000,64,0,0.25
92.250,62,10,0.125
92.375,59,7,0.5
92.875,64,0,0.25
93.125,66,2,0.125
93.250,64,0,0.125
93.375,62,10,0.375
93.750,64,0,0.125
93.875,62,10,0.25
94.125,59,7,1.625
95.750,59,7,0.25
96.000,59,7,0.5
96.500,61,9,0.125
96.625,63,11,0.25
96.875,64,0,0.625
97.500,66,2,0.125
97.625,67,3,0.25
97.875,66,2,0.25
98.125,64,0,0.75
98.875,76,0,0.75
99.625,64,0,0.125
99.750,64,0,0.25
100.000,64,0,0.5
100.500,62,10,0.5
101.000,59,7,0.625
101.625,55,3,0.25
101.875,55,3,0.125
102.000,52,0,1.25
103.250,59,7,0.25
103.500,62,10,0.125
103.625,64,0,0.375
104.000,64,0,0.5
104.500,62,10,0.5
105.000,59,7,0.625
105.625,55,3,0.25
105.875,55,3,0.125
106.000,52,0,1.0
107.000,59,7,0.25
107.250,59,7,0.25
107.500,62,10,0.125
107.625,64,0,0.375
108.000,64,0,0.5
108.500,62,10,0.5
109.000,59,7,0.625
109.625,55,3,0.25
109.875,55,3,0.125
