time,note,scale degree,length
3.875,59,7,0.125
4.000,59,7,0.125
4.125,59,7,0.125
4.250,59,7,0.125
4.375,59,7,0.125
4.500,59,7,0.125
4.625,59,7,0.125
4.750,59,7,0.25
5.000,59,7,0.125
5.125,59,7,0.125
5.250,61,9,0.125
5.375,59,7,0.25
5.625,57,5,0.125
5.750,56,4,0.375
6.125,57,5,0.125
6.250,56,4,0.125
6.375,56,4,0.125
6.500,54,2,0.25
6.750,52,0,0.125
6.875,54,2,0.25
7.125,56,4,0.875
8.000,56,4,0.125
8.125,56,4,0.125
8.250,56,4,0.125
8.375,56,4,0.25
8.625,56,4,0.25
8.875,56,4,0.25
9.125,54,2,0.125
9.250,56,4,0.125
9.375,57,5,0.125
9.500,56,4,0.125
9.625,54,2,0.5
10.125,57,5,0.125
10.250,56,4,0.125
10.375,56,4,0.125
10.500,54,2,0.25
10.750,52,0,0.125
10.875,54,2,0.25
11.125,56,4,0.5
11.625,59,7,0.375
12.000,59,7,0.125
12.125,59,7,0.125
12.250,59,7,0.125
12.375,59,7,0.125
12.500,59,7,0.125
12.625,59,7,0.375
13.000,59,7,0.125
13.125,59,7,0.125
13.250,59,7,0.125
13.375,61,9,0.125
13.500,59,7,0.5
14.000,59,7,0.125
14.125,59,7,0.125
14.250,59,7,0.125
14.375,59,7,0.125
14.500,59,7,0.125
14.625,59,7,0.25
14.875,56,4,0.125
15.000,59,7,0.125
15.125,58,6,0.125
15.250,59,7,0.125
15.375,61,9,0.125
15.500,57,5,0.375
15.875,58,6,0.125
16.000,59,7,0.125
16.125,59,7,0.125
16.250,59,7,0.125
16.375,59,7,0.125
16.500,59,7,0.125
16.625,59,7,0.25
16.875,58,6,0.125
17.000,59,7,0.125
17.125,59,7,0.125
17.250,59,7,0.125
17.375,61,9,0.125
17.500,59,7,0.25
17.750,52,0,0.25
18.000,57,5,0.25
18.250,56,4,0.25
18.500,52,0,0.25
18.750,59,7,0.125
18.875,61,9,0.125
19.000,59,7,2.875
21.875,59,7,0.125
22.000,59,7,0.125
22.125,59,7,0.125
22.250,59,7,0.125
22.375,59,7,0.125
22.500,59,7,0.125
22.625,59,7,0.125
22.750,59,7,0.25
23.000,59,7,0.125
23.125,59,7,0.125
23.250,61,9,0.125
23.375,59,7,0.25
23.625,57,5,0.125
23.750,56,4,0.375
24.125,57,5,0.125
24.250,56,4,0.125
24.375,56,4,0.125
24.500,54,2,0.25
24.750,52,0,0.125
24.875,54,2,0.25
25.125,56,4,0.875
26.000,56,4,0.125
26.125,56,4,0.125
26.250,56,4,0.125
26.375,56,4,0.25
26.625,56,4,0.25
26.875,56,4,0.25
27.125,54,2,0.125
27.250,56,4,0.125
27.375,57,5,0.125
27.500,56,4,0.125
27.625,54,2,0.5
28.125,57,5,0.125
28.250,56,4,0.125
28.375,56,4,0.125
28.500,54,2,0.25
28.750,52,0,0.125
28.875,54,2,0.25
29.125,56,4,0.5
29.625,59,7,0.375
30.000,59,7,0.125
30.125,59,7,0.125
30.250,59,7,0.125
30.375,59,7,0.125
30.500,59,7,0.125
30.625,59,7,0.375
31.000,59,7,0.125
31.125,59,7,0.125
31.250,59,7,0.125
31.375,61,9,0.125
31.500,59,7,0.5
32.000,59,7,0.125
32.125,59,7,0.125
32.250,59,7,0.125
32.375,59,7,0.125
32.500,59,7,0.125
32.625,59,7,0.25
32.875,56,4,0.125
33.000,59,7,0.125
33.125,58,6,0.125
33.250,59,7,0.125
33.375,61,9,0.125
33.500,58,6,0.375
33.875,58,6,0.125
34.000,59,7,0.125
34.125,59,7,0.125
34.250,59,7,0.125
34.375,59,7,0.125
34.500,59,7,0.125
34.625,59,7,0.25
34.875,58,6,0.125
35.000,59,7,0.125
35.125,58,6,0.125
35.250,59,7,0.125
35.375,61,9,0.125
35.500,59,7,0.25
35.750,52,0,0.25
36.000,57,5,0.25
36.250,56,4,0.25
36.500,52,0,0.25
36.750,59,7,0.25
37.000,59,7,10.875
47.875,59,7,0.125
48.000,61,7,0.125
48.125,61,7,0.125
48.250,61,7,0.125
48.375,61,7,0.125
48.500,61,7,0.125
48.625,61,7,0.125
48.750,61,7,0.25
49.000,61,7,0.125
49.125,61,7,0.125
49.250,63,9,0.125
49.375,61,7,0.25
49.625,59,5,0.125
49.750,58,4,0.375
50.125,59,5,0.125
50.250,58,4,0.125
50.375,58,4,0.125
50.500,56,2,0.25
50.750,54,0,0.125
50.875,56,2,0.25
51.125,58,4,0.875
52.000,58,4,0.125
52.125,58,4,0.125
52.250,58,4,0.125
52.375,58,4,0.25
52.625,58,4,0.25
52.875,58,4,0.25
53.125,56,2,0.125
53.250,58,4,0.125
53.375,59,5,0.125
53.500,58,4,0.125
53.625,56,2,0.5
54.125,59,5,0.125
54.250,58,4,0.125
54.375,58,4,0.125
54.500,56,2,0.25
54.750,54,0,0.125
54.875,56,2,0.25
55.125,58,4,0.5
55.625,61,7,0.375
56.000,61,7,0.125
56.125,61,7,0.125
56.250,61,7,0.125
56.375,61,7,0.125
56.500,61,7,0.125
56.625,61,7,0.375
57.000,61,7,0.125
57.125,61,7,0.125
57.250,61,7,0.125
57.375,63,9,0.125
57.500,61,7,0.5
58.000,61,7,0.125
58.125,61,7,0.125
58.250,61,7,0.125
58.375,61,7,0.125
58.500,61,7,0.125
58.625,61,7,0.25
58.875,58,4,0.125
59.000,61,7,0.125
59.125,60,6,0.125
59.250,61,7,0.125
59.375,63,9,0.125
59.500,61,7,0.375
59.875,59,5,0.125
60.000,61,7,0.125
60.125,61,7,0.125
60.250,61,7,0.125
60.375,61,7,0.125
60.500,61,7,0.125
60.625,61,7,0.25
60.875,59,5,0.125
61.000,61,7,0.125
61.125,60,6,0.125
61.250,61,7,0.125
61.375,63,9,0.125
61.500,61,7,0.25
61.750,54,0,0.25
62.000,59,5,0.25
62.250,58,4,0.25
62.500,54,0,0.25
62.750,61,7,0.125
62.875,63,9,0.125
63.000,61,7,2.875
65.875,61,7,0.125
66.000,61,7,0.125
66.125,61,7,0.125
66.250,61,7,0.125
66.375,61,7,0.125
66.500,61,7,0.125
66.625,61,7,0.125
66.750,61,7,0.25
67.000,61,7,0.125
67.125,61,7,0.125
67.250,63,9,0.125
67.375,61,7,0.25
67.625,59,5,0.125
67.750,58,4,0.375
68.125,59,5,0.125
68.250,58,4,0.125
68.375,58,4,0.125
68.500,56,2,0.25
68.750,54,0,0.125
68.875,56,2,0.25
69.125,58,4,0.875
70.000,58,4,0.125
70.125,58,4,0.125
70.250,58,4,0.125
70.375,58,4,0.25
70.625,58,4,0.25
70.875,58,4,0.25
71.125,56,2,0.125
71.250,58,4,0.125
71.375,59,5,0.125
71.500,58,4,0.125
71.625,56,2,0.5
72.125,59,5,0.125
72.250,58,4,0.125
72.375,58,4,0.125
72.500,56,2,0.25
72.750,54,0,0.125
72.875,56,2,0.25
73.125,58,4,0.5
73.625,61,7,0.375
74.000,61,7,0.125
74.125,61,7,0.125
74.250,61,7,0.125
74.375,61,7,0.125
74.500,61,7,0.125
74.625,61,7,0.375
75.000,61,7,0.125
75.125,61,7,0.125
75.250,61,7,0.125
75.375,63,9,0.125
75.500,61,7,0.5
76.000,61,7,0.125
76.125,61,7,0.125
76.250,61,7,0.125
76.375,61,7,0.125
76.500,61,7,0.125
76.625,61,7,0.25
76.875,58,4,0.125
77.000,61,7,0.125
77.125,60,6,0.125
77.250,61,7,0.125
77.375,63,9,0.125
77.500,61,7,0.375
77.875,59,5,0.125
78.000,61,7,0.125
78.125,61,7,0.125
78.250,61,7,0.125
78.375,61,7,0.125
78.500,61,7,0.125
78.625,61,7,0.25
78.875,59,5,0.125
79.000,61,7,0.125
79.125,61,7,0.125
79.250,61,7,0.125
79.375,63,9,0.125
79.500,61,7,0.25
79.750,54,0,0.25
80.000,59,5,0.25
80.250,58,4,0.25
80.500,54,0,0.25
80.750,61,7,0.25
81.000,61,7,1.0
82.000,54,0,0.25
82.250,54,0,0.25
82.500,54,0,0.125
82.625,54,0,0.375
83.000,59,5,0.25
83.250,59,5,0.25
83.500,59,5,0.125
83.625,59,5,0.5
84.125,61,7,0.125
84.250,61,7,0.125
84.375,61,7,0.125
84.500,61,7,0.25
84.750,56,2,0.125
84.875,56,2,0.25
85.125,58,4,0.875
86.000,54,0,0.25
86.250,54,0,0.25
86.500,54,0,0.125
86.625,54,0,0.375
87.000,59,5,0.25
87.250,59,5,0.25
87.500,59,5,0.125
87.625,59,5,0.5
88.125,61,7,0.125
88.250,61,7,0.125
88.375,61,7,0.125
88.500,61,7,0.25
88.750,56,2,0.125
88.875,56,2,0.25
89.125,58,4,0.875
90.000,54,0,0.25
90.250,54,0,0.25
90.500,54,0,0.125
90.625,54,0,0.25
90.875,54,0,0.125
91.000,59,5,0.25
91.250,59,5,0.25
91.500,59,5,0.125
91.625,59,5,0.5
92.125,61,7,0.125
92.250,61,7,0.125
92.375,61,7,0.125
92.500,61,7,0.25
92.750,56,2,0.125
92.875,56,2,0.25
93.125,58,4,0.875
94.000,54,0,0.25
94.250,54,0,0.25
94.500,54,0,0.125
94.625,54,0,0.25
94.875,54,0,0.125
95.000,59,5,0.25
95.250,59,5,0.25
95.500,59,5,0.125
95.625,59,5,0.5
96.125,61,7,0.125
96.250,61,7,0.125
96.375,61,7,0.125
96.500,61,7,0.25
96.750,56,2,0.125
96.875,56,2,0.25
