time,note,scale degree,length
4.000,66,3,0.125
4.125,66,3,0.125
4.250,66,3,0.125
4.375,66,3,0.125
4.500,66,3,0.125
4.625,66,3,0.125
4.750,63,0,0.125
4.875,60,9,0.125
5.000,63,0,0.25
5.250,63,0,0.125
5.375,60,9,0.5
5.875,58,7,0.125
6.000,65,2,0.125
6.125,65,2,0.125
6.250,66,3,0.125
6.375,66,3,0.125
6.500,66,3,0.25
6.750,63,0,0.125
6.875,60,9,0.125
7.000,63,0,0.25
7.250,63,0,0.125
7.375,60,9,0.5
7.875,58,7,0.125
8.000,66,3,0.125
8.125,66,3,0.125
8.250,66,3,0.125
8.375,66,3,0.125
8.500,66,3,0.125
8.625,66,3,0.125
8.750,63,0,0.125
8.875,60,9,0.125
9.000,63,0,0.25
9.250,60,9,0.125
9.375,66,3,0.5
9.875,63,0,0.125
10.000,66,3,0.125
10.125,66,3,0.125
10.250,66,3,0.125
10.375,66,3,0.125
10.500,66,3,0.25
10.750,66,3,0.25
11.000,66,3,0.25
11.250,66,3,0.25
11.500,66,3,0.25
11.750,66,3,0.25
12.000,63,0,1.125
13.125,66,3,0.125
13.250,66,3,0.125
13.375,66,3,0.25
13.625,63,0,0.125
13.750,66,3,0.25
14.000,63,0,0.125
14.125,60,9,1.5
15.625,66,3,0.25
15.875,66,3,0.125
16.000,66,3,0.125
16.125,66,3,0.125
16.250,66,3,0.125
16.375,65,2,0.25
16.625,65,2,0.25
16.875,66,3,0.875
17.750,66,3,0.125
17.875,66,3,0.25
18.125,66,3,0.125
18.250,60,9,0.125
18.375,60,9,0.125
18.500,63,0,0.25
18.750,63,0,0.25
19.000,63,0,0.875
19.875,66,3,0.25
20.125,66,3,0.125
20.250,66,3,0.125
20.375,66,3,0.125
20.500,66,3,0.125
20.625,66,3,0.125
20.750,63,0,0.125
20.875,60,9,0.125
21.000,63,0,0.25
21.250,60,9,0.125
21.375,66,3,0.125
21.500,67,4,0.5
22.000,66,3,0.125
22.125,66,3,0.125
22.250,66,3,0.125
22.375,66,3,0.125
22.500,66,3,0.125
22.625,66,3,0.125
22.750,63,0,0.125
22.875,60,9,0.125
23.000,63,0,0.25
23.250,63,0,0.25
23.500,60,9,0.5
24.000,65,2,0.125
24.125,65,2,0.125
24.250,66,3,0.125
24.375,66,3,0.125
24.500,66,3,0.125
24.625,66,3,0.125
24.750,63,0,0.125
24.875,61,10,0.125
25.000,63,0,0.25
25.250,63,0,0.25
25.500,66,3,0.125
25.625,67,4,0.25
25.875,60,9,0.125
26.000,66,3,0.25
26.250,66,3,0.125
26.375,66,3,0.125
26.500,66,3,0.125
26.625,66,3,0.125
26.750,66,3,0.125
26.875,66,3,0.125
27.000,66,3,0.25
27.250,66,3,0.25
27.500,66,3,0.25
27.750,66,3,0.25
28.000,63,0,1.125
29.125,63,0,0.125
29.250,66,3,0.125
29.375,66,3,0.25
29.625,63,0,0.125
29.750,66,3,0.25
30.000,63,0,1.625
31.625,66,3,0.25
31.875,66,3,0.125
32.000,66,3,0.125
32.125,66,3,0.125
32.250,66,3,0.125
32.375,66,3,0.125
32.500,65,2,0.25
32.750,65,2,0.25
33.000,66,3,0.75
33.750,65,2,0.125
33.875,66,3,0.25
34.125,66,3,0.125
34.250,63,0,0.125
34.375,60,9,0.125
34.500,63,0,0.25
34.750,63,0,0.25
35.000,63,0,0.875
35.875,66,3,0.25
36.125,66,3,0.125
36.250,66,3,0.125
36.375,66,3,0.125
36.500,66,3,0.125
36.625,67,4,0.125
36.750,63,0,0.125
36.875,60,9,0.125
37.000,63,0,0.25
37.250,60,9,0.125
37.375,66,3,0.5
37.875,58,7,0.125
38.000,66,3,0.125
38.125,66,3,0.125
38.250,66,3,0.125
38.375,66,3,0.125
38.500,66,3,0.25
38.750,63,0,0.125
38.875,61,10,0.125
39.000,63,0,0.125
39.125,63,0,0.125
39.250,63,0,0.25
39.500,60,9,0.375
39.875,58,7,0.125
40.000,65,2,0.125
40.125,66,3,0.125
40.250,66,3,0.125
40.375,66,3,0.125
40.500,66,3,0.125
40.625,66,3,0.125
40.750,63,0,0.125
40.875,61,10,0.125
41.000,63,0,0.25
41.250,60,9,0.125
41.375,66,3,0.5
41.875,66,3,0.125
42.000,66,3,0.125
42.125,66,3,0.125
42.250,66,3,0.125
42.375,66,3,0.125
42.500,66,3,0.25
42.750,66,3,0.25
43.000,66,3,0.25
43.250,66,3,0.25
43.500,66,3,0.25
43.750,66,3,0.25
44.000,63,0,1.125
45.125,65,2,0.125
45.250,66,3,0.125
45.375,66,3,0.25
45.625,63,0,0.125
45.750,66,3,0.25
46.000,63,0,0.125
46.125,60,9,1.5
47.625,66,3,0.25
47.875,66,3,0.125
48.000,66,3,0.125
48.125,66,3,0.125
48.250,65,2,0.125
48.375,65,2,0.125
48.500,65,2,0.25
48.750,65,2,0.25
49.000,65,2,0.75
49.750,66,3,0.125
49.875,66,3,0.25
50.125,66,3,0.125
50.250,63,0,0.125
50.375,60,9,0.125
50.500,63,0,0.25
50.750,63,0,0.25
51.000,63,0,9.0
60.000,66,3,0.25
60.250,66,3,0.125
60.375,63,0,0.125
60.500,66,3,0.125
60.625,67,4,0.125
60.750,63,0,0.125
60.875,60,9,0.125
61.000,63,0,0.25
61.250,60,9,0.125
61.375,66,3,0.125
61.500,67,4,0.375
61.875,63,0,0.125
62.000,66,3,0.125
62.125,66,3,0.125
62.250,66,3,0.125
62.375,66,3,0.125
62.500,66,3,0.125
62.625,67,4,0.125
62.750,63,0,0.125
62.875,61,10,0.125
63.000,63,0,0.25
63.250,63,0,0.125
63.375,60,9,0.5
63.875,58,7,0.125
64.000,66,3,0.125
64.125,66,3,0.125
64.250,66,3,0.125
64.375,66,3,0.125
64.500,66,3,0.125
64.625,67,4,0.125
64.750,63,0,0.125
64.875,60,9,0.125
65.000,63,0,0.25
65.250,60,9,0.25
65.500,66,3,0.125
65.625,67,4,0.25
65.875,63,0,0.125
66.000,66,3,0.25
66.250,66,3,0.125
66.375,66,3,0.125
66.500,66,3,0.125
66.625,66,3,0.125
66.750,66,3,0.125
66.875,66,3,0.125
67.000,66,3,0.25
67.250,66,3,0.25
67.500,66,3,0.25
67.750,66,3,0.25
68.000,63,0,0.125
68.125,60,9,1.0
69.125,66,3,0.125
69.250,66,3,0.125
69.375,66,3,0.125
69.500,67,4,0.125
69.625,63,0,0.125
69.750,67,4,0.25
70.000,63,0,0.125
70.125,60,9,0.125
70.250,58,7,1.375
71.625,66,3,0.25
71.875,66,3,0.125
72.000,66,3,0.125
72.125,66,3,0.125
72.250,65,2,0.125
72.375,65,2,0.125
72.500,65,2,0.25
72.750,65,2,0.25
73.000,66,3,0.75
73.750,66,3,0.125
73.875,66,3,0.25
74.125,66,3,0.125
74.250,63,0,0.125
74.375,60,9,0.125
74.500,63,0,0.25
74.750,63,0,0.25
75.000,63,0,1.0
76.000,66,3,0.125
76.125,66,3,0.125
76.250,66,3,0.125
76.375,66,3,0.125
76.500,66,3,0.125
76.625,66,3,0.125
76.750,63,0,0.125
76.875,61,10,0.125
77.000,63,0,0.25
77.250,60,9,0.125
77.375,66,3,0.125
77.500,67,4,0.375
77.875,60,9,0.125
78.000,66,3,0.125
78.125,66,3,0.125
78.250,66,3,0.125
78.375,66,3,0.125
78.500,66,3,0.125
78.625,66,3,0.125
78.750,63,0,0.125
78.875,60,9,0.125
79.000,63,0,0.25
79.250,63,0,0.125
79.375,60,9,0.625
80.000,66,3,0.125
80.125,66,3,0.125
80.250,66,3,0.125
80.375,66,3,0.125
80.500,66,3,0.125
80.625,66,3,0.125
80.750,63,0,0.125
80.875,60,9,0.125
81.000,63,0,0.25
81.250,63,0,0.25
81.500,65,2,0.125
81.625,66,3,0.25
81.875,63,0,0.125
82.000,66,3,0.125
82.125,66,3,0.125
82.250,65,2,0.125
82.375,65,2,0.125
82.500,66,3,0.125
82.625,66,3,0.125
82.750,66,3,0.125
82.875,66,3,0.125
83.000,66,3,0.25
83.250,66,3,0.25
83.500,66,3,0.25
83.750,66,3,0.25
84.000,63,0,1.125
85.125,66,3,0.125
85.250,66,3,0.125
85.375,66,3,0.25
85.625,63,0,0.125
85.750,66,3,0.25
86.000,63,0,0.125
86.125,60,9,0.125
86.250,58,7,1.375
87.625,66,3,0.25
87.875,66,3,0.125
88.000,66,3,0.125
88.125,66,3,0.125
88.250,65,2,0.125
88.375,65,2,0.125
88.500,65,2,0.25
88.750,65,2,0.25
89.000,66,3,0.75
89.750,66,3,0.125
89.875,66,3,0.25
90.125,66,3,0.125
90.250,63,0,0.125
90.375,60,9,0.125
90.500,63,0,0.25
90.750,63,0,0.25
91.000,63,0,0.875
91.875,66,3,0.25
92.125,66,3,0.125
92.250,63,0,0.125
92.375,60,9,0.125
92.500,63,0,0.25
92.750,63,0,0.25
93.000,63,0,0.875
93.875,66,3,0.25
94.125,66,3,0.125
94.250,63,0,0.125
94.375,60,9,0.125
94.500,63,0,0.25
94.750,63,0,0.25
95.000,63,0,0.875
95.875,66,3,0.25
96.125,66,3,0.125
96.250,63,0,0.125
96.375,60,9,0.125
96.500,63,0,0.25
96.750,63,0,0.25
97.000,63,0,0.875
97.875,66,3,0.25
98.125,66,3,0.125
98.250,63,0,0.125
98.375,60,9,0.125
98.500,63,0,0.25
98.750,63,0,0.25
99.000,63,0,0.875
99.875,66,3,0.25
100.125,66,3,0.125
100.250,63,0,0.125
100.375,60,9,0.125
100.500,63,0,0.25
100.750,63,0,0.25
