time,note,scale degree,length
3.500,70,3,0.125
3.625,70,3,0.25
3.875,70,3,0.25
4.125,70,3,0.25
4.375,70,3,0.25
4.625,69,2,0.25
4.875,69,2,0.125
5.000,67,0,0.25
5.250,67,0,0.25
5.500,67,0,0.25
5.750,67,0,0.125
5.875,67,0,0.125
6.000,69,2,0.25
6.250,64,9,1.125
7.375,64,9,0.125
7.500,71,4,0.125
7.625,74,7,0.25
7.875,76,9,0.25
8.125,74,7,0.25
8.375,76,9,0.375
8.750,74,7,0.125
8.875,70,3,0.06300000000000061
8.938,69,2,0.06199999999999939
9.000,67,0,2.5
11.500,70,3,0.125
11.625,70,3,0.25
11.875,70,3,0.25
12.125,70,3,0.25
12.375,70,3,0.25
12.625,69,2,0.25
12.875,69,2,0.125
13.000,67,0,0.125
13.125,67,0,0.25
13.375,67,0,0.25
13.625,67,0,0.25
13.875,69,2,0.25
14.125,64,9,1.25
15.375,62,7,0.125
15.500,71,4,0.125
15.625,74,7,0.25
15.875,76,9,0.25
16.125,74,7,0.375
16.500,74,7,0.25
16.750,74,7,0.25
17.000,70,3,0.062000000000001165
17.062,69,2,0.06299999999999883
17.125,67,0,1.25
18.375,64,9,0.125
18.500,71,4,0.125
18.625,74,7,0.06299999999999883
18.688,76,9,0.31200000000000117
19.000,71,4,0.25
19.250,69,2,0.25
19.500,69,2,0.375
19.875,71,4,0.5
20.375,64,9,0.125
20.500,71,4,0.125
20.625,74,7,0.06299999999999883
20.688,76,9,0.18700000000000117
20.875,71,4,0.06299999999999883
20.938,69,2,0.062000000000001165
21.000,67,0,1.375
22.375,64,9,0.125
22.500,71,4,0.125
22.625,74,7,0.06299999999999883
22.688,76,9,0.18700000000000117
22.875,71,4,0.375
23.250,69,2,0.375
23.625,69,2,0.25
23.875,62,7,0.625
24.500,74,7,0.125
24.625,74,7,0.25
24.875,70,3,0.06299999999999883
24.938,69,2,0.062000000000001165
25.000,67,0,1.375
26.375,64,9,0.125
26.500,71,4,0.125
26.625,74,7,0.25
26.875,76,9,0.75
27.625,74,7,0.875
28.500,76,9,0.125
28.625,74,7,0.25
28.875,70,3,0.06299999999999883
28.938,69,2,0.062000000000001165
29.000,67,0,1.625
30.625,67,0,0.875
31.500,67,0,0.125
31.625,69,2,0.25
31.875,65,10,0.25
32.125,65,10,0.375
32.500,69,2,0.125
32.625,69,2,0.25
32.875,69,2,2.125
35.000,74,7,0.125
35.125,74,7,0.375
35.500,74,7,0.125
35.625,74,7,0.25
35.875,74,7,0.625
36.500,71,4,0.25
36.750,71,4,0.125
36.875,74,7,0.75
37.625,70,3,0.125
37.750,69,2,0.5
38.250,67,0,0.75
39.000,69,2,0.5
39.500,69,2,0.375
39.875,65,10,0.25
40.125,65,10,0.375
40.500,67,0,0.125
40.625,65,10,0.25
40.875,69,2,2.0
42.875,71,4,0.25
43.125,74,7,0.375
43.500,74,7,0.25
43.750,74,7,0.25
44.000,74,7,0.375
44.375,71,4,0.625
45.000,71,4,0.375
45.375,74,7,0.25
45.625,74,7,0.375
46.000,74,7,0.375
46.375,70,3,0.125
46.500,69,2,0.125
46.625,67,0,3.875
50.500,70,3,0.125
50.625,70,3,0.25
50.875,70,3,0.25
51.125,70,3,0.25
51.375,70,3,0.25
51.625,69,2,0.125
51.750,64,9,0.25
52.000,64,9,0.125
52.125,67,0,0.375
52.500,67,0,0.25
52.750,67,0,0.125
52.875,69,2,0.25
53.125,64,9,1.25
54.375,64,9,0.125
54.500,71,4,0.25
54.750,74,7,0.25
55.000,76,9,0.125
55.125,74,7,0.25
55.375,74,7,0.375
55.750,67,0,0.125
55.875,70,3,0.25
56.125,67,0,2.375
58.500,71,4,0.125
58.625,69,2,0.25
58.875,69,2,0.25
59.125,69,2,0.25
59.375,69,2,0.25
59.625,69,2,0.25
59.875,69,2,0.25
60.125,67,0,0.25
60.375,67,0,0.25
60.625,67,0,0.25
60.875,69,2,0.125
61.000,64,9,1.375
62.375,64,9,0.125
62.500,70,3,0.125
62.625,74,7,0.25
62.875,74,7,0.125
63.000,71,4,0.125
63.125,74,7,0.125
63.250,74,7,0.125
63.375,74,7,0.25
63.625,70,3,0.25
63.875,67,0,1.625
65.500,71,4,0.125
65.625,74,7,0.06300000000000239
65.688,76,9,0.1869999999999976
65.875,71,4,0.375
66.250,69,2,0.125
66.375,69,2,0.875
67.250,67,0,0.125
67.375,67,0,0.125
67.500,71,4,0.125
67.625,76,9,0.25
67.875,70,3,0.125
68.000,69,2,0.125
68.125,67,0,1.375
69.500,71,4,0.125
69.625,76,9,0.375
70.000,71,4,0.125
70.125,69,2,0.25
70.375,69,2,0.375
70.750,69,2,0.625
71.375,66,11,0.125
71.500,71,4,0.125
71.625,76,9,0.25
71.875,70,3,0.25
72.125,69,2,0.125
72.250,67,0,1.375
73.625,71,4,0.125
73.750,74,7,0.25
74.000,74,7,0.125
74.125,74,7,0.25
74.375,74,7,0.375
74.750,71,4,0.75
75.500,76,9,0.125
75.625,74,7,0.25
75.875,70,3,0.25
76.125,69,2,0.125
76.250,67,0,1.75
78.000,69,2,0.5
78.500,69,2,0.375
78.875,67,0,0.25
79.125,65,10,0.25
79.375,67,0,0.25
79.625,65,10,0.375
80.000,69,2,0.125
80.125,67,0,0.125
80.250,65,10,1.75
82.000,74,7,0.125
82.125,74,7,0.375
82.500,74,7,0.125
82.625,74,7,0.25
82.875,74,7,0.625
83.500,71,4,0.25
83.750,71,4,0.125
83.875,74,7,0.75
84.625,70,3,0.25
84.875,69,2,0.25
85.125,67,0,0.125
85.250,64,9,1.25
86.500,69,2,0.125
86.625,69,2,0.25
86.875,67,0,0.25
87.125,65,10,0.375
87.500,67,0,0.125
87.625,65,10,0.25
87.875,69,2,0.25
88.125,67,0,0.125
88.250,65,10,1.625
89.875,76,9,0.375
90.250,74,7,0.25
90.500,74,7,0.25
90.750,74,7,0.25
91.000,74,7,0.375
91.375,71,4,0.06300000000000239
91.438,69,2,0.06199999999999761
91.500,67,0,0.06199999999999761
91.562,64,9,0.4380000000000024
92.000,71,4,0.375
92.375,74,7,0.25
92.625,74,7,0.375
93.000,74,7,0.375
93.375,70,3,0.125
93.500,69,2,0.125
93.625,67,0,8.0
101.625,67,0,0.75
102.375,64,9,0.125
102.500,70,3,0.25
102.750,70,3,0.125
102.875,67,0,0.25
103.125,67,0,0.625
103.750,65,10,0.125
103.875,67,0,0.125
104.000,67,0,0.25
104.250,65,10,0.125
104.375,67,0,0.25
104.625,65,10,0.125
104.750,70,3,0.125
104.875,69,2,0.125
105.000,67,0,1.25
106.250,71,4,0.25
106.500,72,5,0.25
106.750,72,5,0.125
106.875,72,5,0.125
107.000,74,7,0.125
107.125,67,0,0.25
107.375,67,0,0.25
107.625,65,10,0.375
108.000,67,0,0.25
108.250,67,0,0.25
108.500,67,0,0.25
108.750,67,0,0.125
108.875,67,0,1.375
110.250,72,5,0.125
110.375,72,5,0.125
110.500,72,5,0.25
110.750,72,5,0.125
110.875,70,3,0.25
111.125,67,0,0.625
111.750,72,5,0.125
111.875,72,5,0.125
112.000,72,5,0.25
112.250,72,5,0.25
112.500,73,6,0.25
112.750,73,6,0.25
113.000,74,7,1.125
114.125,74,7,0.125
114.250,70,3,0.25
114.500,67,0,0.25
114.750,67,0,0.125
114.875,67,0,0.125
115.000,64,9,0.5
115.500,67,0,0.125
115.625,65,10,0.25
115.875,70,3,0.5
116.375,65,10,0.125
116.500,67,0,0.25
116.750,67,0,0.125
116.875,70,3,0.25
117.125,76,9,1.875
119.000,74,7,0.375
119.375,71,4,1.625
121.000,74,7,0.375
121.375,71,4,1.25
122.625,76,9,0.375
123.000,74,7,1.125
124.125,76,9,1.5
125.625,76,9,0.9369999999999976
126.562,74,7,0.06300000000000239
126.625,77,10,0.75
127.375,74,7,0.25
127.625,72,5,0.06300000000000239
127.688,71,4,0.06199999999999761
127.750,67,0,0.75
128.500,69,2,0.125
128.625,69,2,0.25
128.875,65,10,0.25
129.125,65,10,0.375
129.500,69,2,0.125
129.625,69,2,0.25
129.875,69,2,2.125
132.000,71,4,0.125
132.125,74,7,0.375
132.500,74,7,0.125
132.625,74,7,0.25
132.875,76,9,0.625
133.500,71,4,0.25
133.750,71,4,0.125
133.875,74,7,0.75
134.625,70,3,0.25
134.875,69,2,1.625
136.500,69,2,0.125
136.625,69,2,0.25
136.875,65,10,0.25
137.125,65,10,0.375
137.500,67,0,0.125
137.625,69,2,0.25
137.875,69,2,0.25
138.125,67,0,0.125
138.250,65,10,1.625
139.875,71,4,0.25
140.125,74,7,0.375
140.500,74,7,0.25
140.750,74,7,0.25
141.000,74,7,0.375
141.375,71,4,0.125
141.500,69,2,0.125
141.625,67,0,0.375
142.000,71,4,0.375
142.375,74,7,0.25
142.625,74,7,0.375
143.000,74,7,0.375
143.375,70,3,0.125
143.500,69,2,0.125
