time,note,scale degree,length
4.000,52,9,0.125
4.125,55,0,0.125
4.250,55,0,0.125
4.375,55,0,0.125
4.500,57,2,0.25
4.750,55,0,0.125
4.875,59,4,0.875
5.750,57,2,0.125
5.875,59,4,0.125
6.000,60,5,0.125
6.125,60,5,0.125
6.250,60,5,0.125
6.375,60,5,0.125
6.500,60,5,0.125
6.625,59,4,0.125
6.750,58,3,0.125
6.875,59,4,0.125
7.000,57,2,1.0
8.000,52,9,0.125
8.125,55,0,0.25
8.375,55,0,0.125
8.500,57,2,0.25
8.750,55,0,0.125
8.875,59,4,0.875
9.750,59,4,0.125
9.875,59,4,0.125
10.000,60,5,0.125
10.125,60,5,0.125
10.250,60,5,0.125
10.375,60,5,0.125
10.500,62,7,0.25
10.750,59,4,0.125
10.875,59,4,0.5
11.375,59,4,0.5
11.875,52,9,0.125
12.000,55,0,0.125
12.125,55,0,0.125
12.250,55,0,0.125
12.375,55,0,0.125
12.500,55,0,0.125
12.625,55,0,0.125
12.750,55,0,0.125
12.875,57,2,0.625
13.500,57,2,0.125
13.625,59,4,0.125
13.750,59,4,0.125
13.875,64,9,0.125
14.000,62,7,0.125
14.125,59,4,0.06300000000000061
14.188,57,2,0.06199999999999939
14.250,55,0,0.25
14.500,59,4,0.125
14.625,57,2,0.125
14.750,55,0,0.125
14.875,57,2,0.5
15.375,64,9,0.125
15.500,62,7,0.125
15.625,57,2,0.125
15.750,57,2,0.25
16.000,52,9,0.125
16.125,55,0,0.125
16.250,55,0,0.125
16.375,52,9,0.125
16.500,55,0,0.125
16.625,55,0,0.125
16.750,55,0,0.125
16.875,57,2,0.625
17.500,57,2,0.125
17.625,55,0,0.125
17.750,52,9,0.125
17.875,55,0,0.5629999999999988
18.438,59,4,0.12400000000000233
18.562,57,2,0.06299999999999883
18.625,55,0,0.375
19.000,52,9,0.875
19.875,52,9,0.125
20.000,55,0,0.125
20.125,55,0,0.31299999999999883
20.438,59,4,0.062000000000001165
20.500,57,2,0.062000000000001165
20.562,55,0,0.06299999999999883
20.625,52,9,0.125
20.750,55,0,0.125
20.875,59,4,0.25
21.125,59,4,0.75
21.875,60,5,0.25
22.125,60,5,0.125
22.250,60,5,0.125
22.375,58,3,0.125
22.500,60,5,0.125
22.625,59,4,0.25
22.875,59,4,1.0
23.875,52,9,0.125
24.000,55,0,0.125
24.125,55,0,0.375
24.500,57,2,0.125
24.625,55,0,0.125
24.750,55,0,0.125
24.875,59,4,0.25
25.125,59,4,0.5
25.625,55,0,0.125
25.750,59,4,0.125
25.875,59,4,0.125
26.000,60,5,0.125
26.125,60,5,0.125
26.250,60,5,0.125
26.375,60,5,0.125
26.500,60,5,0.125
26.625,59,4,0.125
26.750,58,3,0.125
26.875,57,2,0.5
27.375,59,4,0.25
27.625,55,0,0.125
27.750,55,0,0.125
27.875,52,9,0.125
28.000,55,0,0.25
28.250,55,0,0.125
28.375,52,9,0.125
28.500,55,0,0.125
28.625,55,0,0.125
28.750,55,0,0.125
28.875,57,2,0.625
29.500,57,2,0.125
29.625,59,4,0.125
29.750,59,4,0.125
29.875,64,9,0.125
30.000,62,7,0.125
30.125,59,4,0.06299999999999883
30.188,57,2,0.062000000000001165
30.250,55,0,0.25
30.500,59,4,0.125
30.625,57,2,0.125
30.750,55,0,0.125
30.875,57,2,0.5
31.375,64,9,0.125
31.500,62,7,0.125
31.625,57,2,0.25
31.875,52,9,0.125
32.000,55,0,0.125
32.125,55,0,0.125
32.250,55,0,0.125
32.375,52,9,0.125
32.500,55,0,0.125
32.625,55,0,0.125
32.750,55,0,0.125
32.875,57,2,0.625
33.500,57,2,0.125
33.625,55,0,0.125
33.750,52,9,0.125
33.875,55,0,0.5
34.375,59,4,0.06300000000000239
34.438,57,2,0.06199999999999761
34.500,55,0,0.375
34.875,52,9,1.5
36.375,67,0,0.125
36.500,64,9,0.375
36.875,67,0,0.125
37.000,64,9,0.125
37.125,64,9,0.125
37.250,62,7,0.125
37.375,58,3,0.06300000000000239
37.438,57,2,0.06199999999999761
37.500,55,0,0.875
38.375,64,9,0.1869999999999976
38.562,62,7,0.1880000000000024
38.750,62,7,0.3119999999999976
39.062,59,4,0.06300000000000239
39.125,57,2,0.06300000000000239
39.188,55,0,0.12399999999999523
39.312,55,0,0.06300000000000239
39.375,59,4,0.1869999999999976
39.562,57,2,0.06300000000000239
39.625,57,2,0.125
39.750,55,0,0.625
40.375,67,0,0.125
40.500,64,9,0.125
40.625,64,9,0.1869999999999976
40.812,62,7,0.1880000000000024
41.000,67,0,0.125
41.125,64,9,0.125
41.250,62,7,0.125
41.375,64,9,0.125
41.500,62,7,0.125
41.625,59,4,0.125
41.750,57,2,0.125
41.875,55,0,0.375
42.250,64,9,0.125
42.375,64,9,0.125
42.500,64,9,0.125
42.625,64,9,0.125
42.750,62,7,0.125
42.875,65,10,0.06300000000000239
42.938,64,9,0.06199999999999761
43.000,62,7,0.125
43.125,59,4,0.125
43.250,65,10,0.06199999999999761
43.312,64,9,0.06300000000000239
43.375,62,7,0.625
44.000,53,10,0.125
44.125,55,0,0.125
44.250,55,0,0.25
44.500,57,2,0.125
44.625,55,0,0.125
44.750,55,0,0.125
44.875,59,4,0.75
45.625,55,0,0.125
45.750,59,4,0.125
45.875,60,5,0.25
46.125,60,5,0.125
46.250,60,5,0.125
46.375,60,5,0.125
46.500,60,5,0.125
46.625,59,4,0.125
46.750,59,4,0.125
46.875,59,4,0.125
47.000,57,2,1.0
48.000,55,0,0.125
48.125,55,0,0.25
48.375,55,0,0.125
48.500,57,2,0.06199999999999761
48.562,55,0,0.06300000000000239
48.625,52,9,0.125
48.750,55,0,0.125
48.875,59,4,0.875
49.750,59,4,0.125
49.875,59,4,0.125
50.000,60,5,0.25
50.250,60,5,0.25
50.500,60,5,0.125
50.625,59,4,0.25
50.875,57,2,0.5
51.375,57,2,0.25
51.625,55,0,0.125
51.750,55,0,0.125
51.875,52,9,0.125
52.000,55,0,0.25
52.250,55,0,0.125
52.375,52,9,0.125
52.500,55,0,0.125
52.625,55,0,0.125
52.750,55,0,0.125
52.875,57,2,0.625
53.500,57,2,0.125
53.625,59,4,0.125
53.750,59,4,0.125
53.875,64,9,0.125
54.000,62,7,0.125
54.125,59,4,0.06300000000000239
54.188,57,2,0.06199999999999761
54.250,55,0,0.25
54.500,59,4,0.125
54.625,57,2,0.125
54.750,55,0,0.125
54.875,57,2,0.5
55.375,64,9,0.25
55.625,59,4,0.375
56.000,55,0,0.125
56.125,55,0,0.125
56.250,55,0,0.125
56.375,52,9,0.125
56.500,55,0,0.125
56.625,55,0,0.125
56.750,55,0,0.125
56.875,57,2,0.625
57.500,57,2,0.125
57.625,55,0,0.125
57.750,52,9,0.125
57.875,55,0,0.5
58.375,59,4,0.06300000000000239
58.438,57,2,0.06199999999999761
58.500,55,0,0.375
