time,note,scale degree,length
24.750,57,0,0.125
24.875,57,0,0.125
25.000,61,4,0.25
25.250,64,7,0.25
25.500,64,7,0.25
25.750,64,7,0.125
25.875,64,7,0.125
26.000,66,9,0.75
26.750,57,0,0.125
26.875,57,0,0.125
27.000,61,4,0.25
27.250,64,7,0.25
27.500,64,7,0.125
27.625,64,7,0.25
27.875,64,7,0.125
28.000,66,9,0.75
28.750,57,0,0.125
28.875,57,0,0.125
29.000,61,4,0.25
29.250,64,7,0.25
29.500,64,7,0.125
29.625,64,7,0.25
29.875,66,9,0.25
30.125,66,9,0.375
30.500,64,7,0.125
30.625,64,7,0.125
30.750,62,5,0.125
30.875,59,2,1.875
32.750,57,0,0.125
32.875,57,0,0.125
33.000,61,4,0.25
33.250,64,7,0.25
33.500,64,7,0.25
33.750,64,7,0.125
33.875,64,7,0.125
34.000,66,9,0.75
34.750,57,0,0.125
34.875,57,0,0.125
35.000,61,4,0.25
35.250,64,7,0.25
35.500,64,7,0.125
35.625,64,7,0.25
35.875,64,7,0.125
36.000,66,9,0.75
36.750,57,0,0.125
36.875,57,0,0.125
37.000,64,7,0.5
37.500,64,7,0.25
37.750,64,7,0.125
37.875,66,9,0.25
38.125,66,9,0.375
38.500,64,7,0.25
38.750,64,7,0.125
38.875,62,5,0.125
39.000,59,2,1.875
40.875,57,0,0.125
41.000,54,9,0.25
41.250,57,0,0.25
41.500,61,4,0.25
41.750,59,2,0.125
41.875,57,0,0.125
42.000,57,0,0.25
42.250,59,2,0.125
42.375,57,0,0.125
42.500,61,4,0.25
42.750,57,0,0.25
43.000,54,9,0.125
43.125,57,0,0.25
43.375,59,2,0.125
43.500,61,4,0.25
43.750,59,2,0.125
43.875,57,0,0.125
44.000,59,2,0.125
44.125,57,0,0.125
44.250,57,0,0.125
44.375,59,2,0.125
44.500,61,4,0.25
44.750,57,0,0.25
45.000,54,9,0.125
45.125,57,0,0.25
45.375,61,4,0.375
45.750,59,2,0.125
45.875,57,0,0.125
46.000,57,0,0.25
46.250,57,0,0.125
46.375,59,2,0.125
46.500,61,4,0.5
47.000,62,5,0.125
47.125,61,4,0.125
47.250,62,5,0.125
47.375,61,4,0.125
47.500,62,5,0.25
47.750,62,5,0.125
47.875,61,4,0.125
48.000,59,2,1.0
49.000,62,5,0.25
49.250,62,5,0.25
49.500,62,5,0.25
49.750,64,7,0.125
49.875,61,4,0.125
50.000,59,2,0.75
50.750,59,2,0.125
50.875,61,4,0.125
51.000,62,5,0.125
51.125,62,5,0.25
51.375,62,5,0.125
51.500,64,7,0.25
51.750,54,9,0.25
52.000,57,0,2.875
54.875,61,4,0.125
55.000,62,5,0.25
55.250,62,5,0.125
55.375,62,5,0.25
55.625,61,4,0.125
55.750,64,7,0.25
56.000,57,0,7.875
63.875,57,0,0.125
64.000,61,4,0.25
64.250,64,7,0.125
64.375,64,7,0.25
64.625,64,7,0.125
64.750,66,9,1.125
65.875,57,0,0.125
66.000,61,4,0.25
66.250,64,7,0.125
66.375,64,7,0.25
66.625,61,4,0.125
66.750,66,9,1.0
67.750,57,0,0.125
67.875,57,0,0.125
68.000,61,4,0.25
68.250,64,7,0.25
68.500,64,7,0.25
68.750,64,7,0.125
68.875,66,9,0.25
69.125,66,9,0.125
69.250,64,7,0.375
69.625,64,7,0.25
69.875,64,7,0.125
70.000,59,2,1.75
71.750,57,0,0.125
71.875,57,0,0.125
72.000,61,4,0.25
72.250,64,7,0.25
72.500,64,7,0.25
72.750,64,7,0.125
72.875,66,9,0.875
73.750,64,7,0.25
74.000,61,4,0.25
74.250,64,7,0.125
74.375,64,7,0.25
74.625,64,7,0.25
74.875,64,7,0.125
75.000,66,9,0.75
75.750,57,0,0.125
75.875,57,0,0.125
76.000,61,4,0.25
76.250,64,7,0.25
76.500,64,7,0.125
76.625,64,7,0.25
76.875,66,9,0.5
77.375,64,7,0.25
77.625,61,4,0.125
77.750,64,7,0.25
78.000,59,2,1.875
79.875,57,0,0.125
80.000,54,9,0.25
80.250,57,0,0.25
80.500,61,4,0.25
80.750,59,2,0.125
80.875,57,0,0.125
81.000,57,0,0.25
81.250,59,2,0.125
81.375,57,0,0.125
81.500,61,4,0.25
81.750,57,0,0.25
82.000,54,9,0.125
82.125,57,0,0.25
82.375,59,2,0.125
82.500,61,4,0.25
82.750,59,2,0.125
82.875,57,0,0.125
83.000,59,2,0.125
83.125,57,0,0.125
83.250,57,0,0.125
83.375,59,2,0.125
83.500,61,4,0.25
83.750,57,0,0.25
84.000,54,9,0.125
84.125,57,0,0.25
84.375,61,4,0.5
84.875,57,0,0.125
85.000,59,2,0.125
85.125,57,0,0.125
85.250,57,0,0.125
85.375,59,2,0.125
85.500,61,4,0.5
86.000,62,5,0.125
86.125,61,4,0.125
86.250,62,5,0.125
86.375,61,4,0.125
86.500,62,5,0.25
86.750,62,5,0.125
86.875,61,4,0.125
87.000,59,2,1.0
88.000,62,5,0.25
88.250,62,5,0.25
88.500,62,5,0.25
88.750,64,7,0.125
88.875,61,4,0.125
89.000,59,2,0.75
89.750,59,2,0.125
89.875,61,4,0.125
90.000,62,5,0.125
90.125,62,5,0.25
90.375,62,5,0.125
90.500,64,7,0.25
90.750,54,9,0.25
91.000,57,0,2.875
93.875,62,5,0.125
94.000,62,5,0.25
94.250,62,5,0.125
94.375,62,5,0.25
94.625,61,4,0.125
94.750,64,7,0.25
95.000,57,0,0.875
95.875,66,9,0.125
96.000,64,7,18.875
114.875,64,7,0.125
115.000,64,7,0.125
115.125,63,6,0.125
115.250,63,6,0.25
115.500,64,7,0.25
115.750,64,7,0.125
115.875,63,6,0.125
116.000,66,9,0.125
116.125,66,9,0.125
116.250,66,9,0.125
116.375,62,5,0.25
116.625,63,6,0.625
117.250,69,0,0.125
117.375,68,11,0.125
117.500,69,0,0.125
117.625,68,11,0.125
117.750,69,0,0.125
117.875,68,11,0.125
118.000,71,2,0.125
118.125,68,11,0.125
118.250,66,9,0.125
118.375,64,7,0.125
118.500,67,10,0.125
118.625,68,11,0.25
118.875,59,2,0.125
119.000,63,6,0.125
119.125,62,5,0.25
119.375,61,4,0.125
119.500,62,5,0.125
119.625,61,4,0.125
119.750,62,5,0.125
119.875,64,7,0.375
120.250,61,4,0.125
120.375,59,2,0.125
120.500,57,0,0.25
120.750,64,7,0.125
120.875,63,6,0.125
121.000,64,7,0.125
121.125,63,6,0.125
121.250,64,7,0.125
121.375,63,6,0.125
121.500,64,7,0.125
121.625,64,7,0.125
121.750,66,9,0.25
122.000,64,7,0.125
122.125,63,6,0.125
122.250,66,9,32.625
154.875,57,0,0.125
155.000,61,4,0.25
155.250,64,7,0.25
155.500,64,7,0.25
155.750,64,7,0.125
155.875,64,7,0.125
156.000,66,9,0.625
156.625,57,0,0.125
156.750,57,0,0.125
156.875,57,0,0.125
157.000,61,4,0.25
157.250,64,7,0.25
157.500,64,7,0.25
157.750,64,7,0.125
157.875,64,7,0.125
158.000,66,9,0.75
158.750,57,0,0.125
158.875,57,0,0.125
159.000,61,4,0.25
159.250,64,7,0.25
159.500,64,7,0.25
159.750,64,7,0.125
159.875,66,9,0.5
160.375,64,7,0.25
160.625,64,7,0.125
160.750,64,7,0.125
160.875,59,2,1.875
162.750,57,0,0.125
162.875,57,0,0.125
163.000,61,4,0.25
163.250,64,7,0.25
163.500,64,7,0.25
163.750,64,7,0.125
163.875,66,9,0.75
164.625,57,0,0.125
164.750,57,0,0.25
165.000,61,4,0.25
165.250,64,7,0.25
165.500,64,7,0.25
165.750,64,7,0.125
165.875,64,7,0.125
166.000,66,9,0.75
166.750,57,0,0.125
166.875,57,0,0.125
167.000,61,4,0.25
167.250,64,7,0.125
167.375,64,7,0.25
167.625,64,7,0.25
167.875,66,9,0.25
168.125,66,9,0.25
168.375,64,7,0.25
168.625,64,7,0.125
168.750,59,2,2.125
170.875,57,0,0.125
171.000,54,9,0.25
171.250,57,0,0.25
171.500,61,4,0.25
171.750,59,2,0.125
171.875,57,0,0.125
172.000,57,0,0.25
172.250,59,2,0.125
172.375,57,0,0.125
172.500,61,4,0.25
172.750,57,0,0.25
173.000,54,9,0.125
173.125,57,0,0.25
173.375,59,2,0.125
173.500,61,4,0.25
173.750,59,2,0.125
173.875,57,0,0.125
174.000,59,2,0.125
174.125,57,0,0.125
174.250,57,0,0.125
174.375,59,2,0.125
174.500,61,4,0.25
174.750,57,0,0.25
175.000,54,9,0.125
175.125,57,0,0.25
175.375,59,2,0.125
175.500,61,4,0.375
175.875,57,0,0.125
176.000,59,2,0.125
176.125,57,0,0.125
176.250,57,0,0.125
176.375,59,2,0.125
176.500,61,4,0.5
177.000,62,5,0.125
177.125,61,4,0.125
177.250,62,5,0.125
177.375,61,4,0.125
177.500,62,5,0.25
177.750,62,5,0.125
177.875,61,4,0.125
178.000,59,2,1.0
179.000,62,5,0.25
179.250,62,5,0.25
179.500,62,5,0.25
179.750,64,7,0.125
179.875,61,4,0.125
180.000,59,2,0.75
180.750,59,2,0.125
180.875,61,4,0.125
181.000,62,5,0.125
181.125,62,5,0.25
181.375,62,5,0.125
181.500,64,7,0.25
181.750,54,9,0.25
182.000,57,0,2.875
184.875,62,5,0.125
185.000,62,5,0.25
185.250,61,4,0.125
185.375,62,5,0.25
185.625,61,4,0.125
185.750,64,7,0.25
186.000,57,0,1.125
187.125,69,0,0.25
187.375,69,0,0.125
187.500,69,0,0.25
187.750,69,0,0.125
187.875,60,3,1.25
189.125,69,0,0.125
189.250,69,0,72.75
262.000,76,7,4.0
266.000,61,4,0.25
266.250,64,7,0.125
266.375,64,7,0.25
266.625,66,9,1.375
268.000,61,4,0.25
268.250,64,7,0.125
268.375,61,4,0.125
268.500,64,7,0.25
