time,note,scale degree,length
16.000,67,0,0.125
16.125,65,10,0.125
16.250,67,0,0.125
16.375,65,10,0.125
16.500,67,0,0.125
16.625,67,0,0.125
16.750,65,10,0.125
16.875,69,2,0.25
17.125,62,7,0.25
17.375,65,10,0.25
17.625,67,0,0.375
18.000,65,10,0.125
18.125,62,7,0.125
18.250,65,10,0.125
18.375,62,7,0.125
18.500,70,3,0.125
18.625,69,2,0.125
18.750,67,0,0.125
18.875,67,0,1.125
20.000,67,0,0.125
20.125,65,10,0.125
20.250,67,0,0.125
20.375,65,10,0.125
20.500,67,0,0.25
20.750,65,10,0.125
20.875,69,2,0.25
21.125,62,7,0.25
21.375,65,10,0.25
21.625,67,0,0.375
22.000,65,10,0.125
22.125,62,7,0.125
22.250,65,10,0.125
22.375,62,7,0.125
22.500,65,10,0.125
22.625,62,7,0.125
22.750,70,3,0.125
22.875,67,0,0.625
23.500,67,0,0.125
23.625,67,0,0.125
23.750,70,3,0.125
23.875,67,0,0.125
24.000,72,5,0.25
24.250,72,5,0.25
24.500,70,3,0.125
24.625,69,2,0.125
24.750,67,0,0.125
24.875,67,0,0.25
25.125,67,0,0.06299999999999883
25.188,65,10,0.062000000000001165
25.250,62,7,0.375
25.625,67,0,0.125
25.750,70,3,0.125
25.875,67,0,0.125
26.000,72,5,0.25
26.250,72,5,0.25
26.500,70,3,0.125
26.625,69,2,0.125
26.750,67,0,0.125
26.875,67,0,0.18700000000000117
27.062,65,10,0.06299999999999883
27.125,62,7,0.5
27.625,67,0,0.125
27.750,70,3,0.125
27.875,67,0,0.125
28.000,72,5,0.25
28.250,72,5,0.25
28.500,73,6,0.125
28.625,72,5,0.125
28.750,70,3,0.125
28.875,74,7,0.25
29.125,72,5,0.06299999999999883
29.188,70,3,0.062000000000001165
29.250,67,0,0.625
29.875,72,5,0.25
30.125,70,3,0.125
30.250,72,5,0.125
30.375,70,3,0.125
30.500,72,5,0.125
30.625,70,3,0.25
30.875,73,6,0.125
31.000,74,7,0.125
31.125,70,3,0.125
31.250,72,5,0.125
31.375,70,3,0.125
31.500,72,5,0.25
31.750,70,3,0.125
31.875,72,5,0.1869999999999976
32.062,70,3,0.06300000000000239
32.125,67,0,1.5
33.625,67,0,0.125
33.750,70,3,0.25
34.000,72,5,0.25
34.250,70,3,1.375
35.625,67,0,0.125
35.750,70,3,0.125
35.875,67,0,0.125
36.000,72,5,0.25
36.250,70,3,1.375
37.625,67,0,0.125
37.750,70,3,0.25
38.000,72,5,0.25
38.250,70,3,9.75
48.000,67,0,0.125
48.125,65,10,0.125
48.250,67,0,0.125
48.375,65,10,0.125
48.500,67,0,0.125
48.625,65,10,0.125
48.750,65,10,0.125
48.875,69,2,0.25
49.125,62,7,0.25
49.375,65,10,0.25
49.625,67,0,0.25
49.875,67,0,0.125
50.000,65,10,0.125
50.125,62,7,0.125
50.250,65,10,0.125
50.375,62,7,0.125
50.500,65,10,0.125
50.625,62,7,0.125
50.750,70,3,0.125
50.875,67,0,1.125
52.000,67,0,0.125
52.125,65,10,0.125
52.250,67,0,0.125
52.375,65,10,0.125
52.500,67,0,0.125
52.625,65,10,0.125
52.750,65,10,0.125
52.875,69,2,0.25
53.125,62,7,0.25
53.375,65,10,0.25
53.625,67,0,0.375
54.000,65,10,0.125
54.125,62,7,0.125
54.250,65,10,0.125
54.375,62,7,0.125
54.500,70,3,0.1670000000000016
54.667,69,2,0.16599999999999682
54.833,67,0,0.1670000000000016
55.000,67,0,0.5
55.500,67,0,0.125
55.625,67,0,0.125
55.750,70,3,0.125
55.875,67,0,0.125
56.000,72,5,0.25
56.250,72,5,0.25
56.500,70,3,0.125
56.625,69,2,0.125
56.750,67,0,0.125
56.875,67,0,0.25
57.125,67,0,0.06300000000000239
57.188,65,10,0.06199999999999761
57.250,62,7,0.375
57.625,67,0,0.125
57.750,70,3,0.125
57.875,67,0,0.125
58.000,72,5,0.25
58.250,72,5,0.25
58.500,70,3,0.125
58.625,69,2,0.125
58.750,67,0,0.125
58.875,67,0,0.1869999999999976
59.062,65,10,0.06300000000000239
59.125,62,7,0.5
59.625,67,0,0.125
59.750,70,3,0.125
59.875,67,0,0.125
60.000,72,5,0.25
60.250,72,5,0.25
60.500,73,6,0.125
60.625,72,5,0.125
60.750,70,3,0.125
60.875,74,7,0.25
61.125,72,5,0.06300000000000239
61.188,70,3,0.06199999999999761
61.250,67,0,0.75
62.000,72,5,0.125
62.125,70,3,0.125
62.250,72,5,0.125
62.375,70,3,0.125
62.500,72,5,0.125
62.625,70,3,0.25
62.875,77,10,0.25
63.125,73,6,0.125
63.250,72,5,0.125
63.375,70,3,0.125
63.500,72,5,0.125
63.625,70,3,0.125
63.750,70,3,0.125
63.875,72,5,0.1869999999999976
64.062,70,3,0.06300000000000239
64.125,67,0,1.375
65.500,73,6,0.25
65.750,72,5,0.125
65.875,70,3,0.125
66.000,74,7,0.25
66.250,72,5,0.125
66.375,70,3,1.625
68.000,73,6,0.25
68.250,72,5,0.125
68.375,70,3,1.125
69.500,77,10,0.125
69.625,73,6,0.06300000000000239
69.688,72,5,0.12399999999999523
69.812,70,3,0.1880000000000024
70.000,74,7,0.25
70.250,72,5,0.125
70.375,70,3,17.75
88.125,74,7,0.25
88.375,74,7,0.25
88.625,74,7,0.25
88.875,74,7,0.5
89.375,73,6,0.375
89.750,74,7,0.375
90.125,72,5,0.25
90.375,72,5,0.25
90.625,72,5,1.5
92.125,74,7,0.25
92.375,74,7,0.25
92.625,74,7,0.25
92.875,74,7,0.5
93.375,73,6,0.375
93.750,74,7,0.375
94.125,72,5,0.25
94.375,72,5,0.25
94.625,72,5,0.875
95.500,67,0,0.125
95.625,67,0,0.125
95.750,70,3,0.125
95.875,67,0,0.125
96.000,72,5,0.25
96.250,72,5,0.25
96.500,70,3,0.125
96.625,69,2,0.125
96.750,67,0,0.125
96.875,67,0,0.25
97.125,67,0,0.06300000000000239
97.188,65,10,0.06199999999999761
97.250,62,7,0.375
97.625,67,0,0.125
97.750,70,3,0.125
97.875,67,0,0.125
98.000,72,5,0.25
98.250,72,5,0.25
98.500,73,6,0.125
98.625,72,5,0.125
98.750,70,3,0.125
98.875,72,5,0.1869999999999976
99.062,70,3,0.06300000000000239
99.125,67,0,0.375
99.500,67,0,0.125
99.625,67,0,0.125
99.750,70,3,0.125
99.875,67,0,0.125
100.000,72,5,0.25
100.250,72,5,0.25
100.500,73,6,0.125
100.625,72,5,0.125
100.750,70,3,0.125
100.875,74,7,0.25
101.125,72,5,0.06300000000000239
101.188,70,3,0.06199999999999761
101.250,67,0,0.75
102.000,72,5,0.25
102.250,72,5,0.25
102.500,72,5,0.125
102.625,70,3,0.25
102.875,77,10,0.25
103.125,72,5,0.125
103.250,72,5,0.125
103.375,70,3,0.125
103.500,72,5,0.25
103.750,70,3,0.125
103.875,72,5,0.1869999999999976
104.062,70,3,0.06300000000000239
104.125,67,0,1.375
105.500,73,6,0.25
105.750,72,5,0.125
105.875,70,3,0.125
106.000,74,7,0.25
106.250,72,5,0.125
106.375,70,3,1.125
107.500,77,10,0.125
107.625,73,6,0.06300000000000239
107.688,72,5,0.12399999999999523
107.812,70,3,0.1880000000000024
108.000,74,7,0.25
108.250,72,5,0.125
108.375,70,3,1.125
109.500,73,6,0.125
109.625,72,5,0.125
109.750,70,3,0.25
110.000,74,7,0.25
110.250,72,5,0.125
110.375,70,3,9.625
120.000,67,0,0.125
120.125,65,10,0.125
120.250,67,0,0.125
120.375,65,10,0.125
120.500,67,0,0.125
120.625,67,0,0.125
120.750,65,10,0.125
120.875,69,2,0.25
121.125,62,7,0.125
121.250,62,7,0.125
121.375,65,10,0.25
121.625,67,0,0.25
121.875,67,0,0.125
122.000,65,10,0.125
122.125,62,7,0.125
122.250,65,10,0.125
122.375,62,7,0.125
122.500,65,10,0.125
122.625,62,7,0.125
122.750,70,3,0.125
122.875,67,0,1.0
123.875,62,7,0.125
124.000,67,0,0.125
124.125,65,10,0.125
124.250,67,0,0.125
124.375,65,10,0.125
124.500,67,0,0.25
124.750,65,10,0.125
124.875,69,2,0.25
125.125,62,7,0.25
125.375,65,10,0.25
125.625,67,0,0.25
125.875,67,0,0.125
126.000,65,10,0.125
126.125,62,7,0.125
126.250,65,10,0.25
126.500,70,3,0.125
126.625,69,2,0.125
126.750,67,0,0.125
126.875,67,0,0.625
127.500,67,0,0.125
127.625,67,0,0.125
127.750,70,3,0.125
127.875,67,0,0.125
128.000,72,5,0.25
128.250,72,5,0.25
128.500,70,3,0.125
128.625,69,2,0.125
128.750,67,0,0.125
128.875,67,0,0.25
129.125,67,0,0.06299999999998818
129.188,65,10,0.06200000000001182
129.250,62,7,0.375
129.625,67,0,0.125
129.750,70,3,0.125
129.875,67,0,0.125
130.000,72,5,0.25
130.250,72,5,0.25
130.500,73,6,0.125
130.625,72,5,0.125
130.750,70,3,0.125
130.875,72,5,0.18700000000001182
131.062,70,3,0.06299999999998818
131.125,67,0,0.375
131.500,67,0,0.125
131.625,67,0,0.125
131.750,70,3,0.125
131.875,67,0,0.125
132.000,72,5,0.25
132.250,72,5,0.25
132.500,70,3,0.125
132.625,69,2,0.125
132.750,67,0,0.125
132.875,67,0,0.25
133.125,67,0,0.06299999999998818
133.188,65,10,0.06200000000001182
133.250,62,7,0.75
134.000,72,5,0.125
134.125,70,3,0.125
134.250,72,5,0.125
134.375,70,3,0.125
134.500,72,5,0.125
134.625,70,3,0.25
134.875,77,10,0.25
135.125,72,5,0.125
135.250,72,5,0.125
135.375,70,3,0.125
135.500,72,5,0.25
135.750,70,3,0.125
135.875,72,5,0.18700000000001182
136.062,70,3,0.06299999999998818
136.125,67,0,1.875
138.000,72,5,0.25
138.250,72,5,0.25
138.500,73,6,0.125
138.625,72,5,0.125
138.750,70,3,0.125
138.875,72,5,0.18700000000001182
139.062,73,6,0.06299999999998818
139.125,72,5,0.06299999999998818
139.188,70,3,0.06200000000001182
139.250,67,0,0.375
139.625,74,7,0.125
139.750,77,10,0.25
140.000,74,7,0.125
140.125,72,5,0.18700000000001182
140.312,70,3,0.18799999999998818
140.500,72,5,0.125
140.625,70,3,0.125
140.750,67,0,0.125
140.875,67,0,0.25
141.125,67,0,0.18700000000001182
141.312,67,0,0.18799999999998818
141.500,67,0,0.125
141.625,70,3,0.25
141.875,67,0,0.125
142.000,72,5,0.25
142.250,72,5,0.25
142.500,73,6,0.125
142.625,72,5,0.125
142.750,70,3,0.125
142.875,72,5,0.18700000000001182
143.062,72,5,0.12599999999997635
143.188,70,3,0.06200000000001182
143.250,67,0,0.375
143.625,67,0,0.125
143.750,70,3,0.125
143.875,67,0,0.125
144.000,72,5,0.25
144.250,72,5,0.25
144.500,70,3,0.125
144.625,69,2,0.125
144.750,67,0,0.125
144.875,67,0,0.25
145.125,67,0,0.18700000000001182
145.312,70,3,0.18799999999998818
145.500,72,5,0.18799999999998818
145.688,74,7,0.18700000000001182
145.875,74,7,0.125
146.000,72,5,0.25
146.250,72,5,0.625
146.875,72,5,0.125
147.000,70,3,0.125
147.125,70,3,0.5
147.625,67,0,0.125
147.750,70,3,0.125
147.875,67,0,0.125
148.000,72,5,0.25
148.250,72,5,0.25
148.500,72,5,0.1670000000000016
148.667,72,5,0.16599999999999682
148.833,70,3,0.1670000000000016
149.000,70,3,0.125
149.125,69,2,0.125
149.250,67,0,0.375
149.625,67,0,0.125
149.750,70,3,0.125
149.875,67,0,0.125
150.000,72,5,0.25
150.250,72,5,0.25
150.500,73,6,0.125
150.625,72,5,0.125
150.750,70,3,0.125
150.875,74,7,0.25
151.125,72,5,0.06299999999998818
151.188,70,3,0.06200000000001182
151.250,67,0,0.75
152.000,72,5,0.25
152.250,72,5,0.25
152.500,72,5,0.125
152.625,70,3,0.25
152.875,77,10,0.25
153.125,72,5,0.125
153.250,72,5,0.125
153.375,70,3,0.125
153.500,72,5,0.25
153.750,70,3,0.125
153.875,72,5,0.18700000000001182
154.062,70,3,0.06299999999998818
