time,note,scale degree,length
11.875,65,7,0.125
12.000,65,7,0.125
12.125,65,7,0.125
12.250,65,7,0.125
12.375,65,7,0.125
12.500,65,7,0.125
12.625,65,7,0.125
12.750,63,5,0.125
12.875,62,4,0.125
13.000,63,5,0.125
13.125,62,4,0.25
13.375,65,7,0.5
13.875,65,7,0.125
14.000,65,7,0.125
14.125,65,7,0.125
14.250,65,7,0.125
14.375,65,7,0.125
14.500,65,7,0.125
14.625,62,4,0.125
14.750,63,5,0.125
14.875,62,4,0.125
15.000,63,5,0.125
15.125,62,4,0.25
15.375,58,0,0.5
15.875,58,0,0.125
16.000,65,7,0.125
16.125,61,3,0.125
16.250,63,5,0.25
16.500,63,5,0.125
16.625,61,3,0.125
16.750,63,5,0.125
16.875,61,3,0.125
17.000,63,5,0.25
17.250,61,3,0.125
17.375,65,7,0.5
17.875,65,7,0.125
18.000,65,7,0.125
18.125,65,7,0.125
18.250,65,7,0.125
18.375,62,4,0.125
18.500,65,7,0.125
18.625,62,4,0.125
18.750,63,5,0.125
18.875,62,4,0.125
19.000,63,5,0.125
19.125,62,4,0.125
19.250,58,0,0.125
19.375,58,0,0.5
19.875,65,7,0.125
20.000,65,7,0.125
20.125,62,4,0.125
20.250,63,5,0.125
20.375,62,4,0.125
20.500,63,5,0.125
20.625,62,4,0.125
20.750,63,5,0.125
20.875,62,4,0.125
21.000,63,5,0.25
21.250,62,4,0.125
21.375,65,7,0.25
21.625,58,0,0.125
21.750,62,4,0.125
21.875,63,5,0.125
22.000,65,7,0.125
22.125,65,7,0.125
22.250,65,7,0.125
22.375,65,7,0.25
22.625,62,4,0.125
22.750,63,5,0.125
22.875,62,4,0.125
23.000,63,5,0.125
23.125,62,4,0.125
23.250,58,0,0.125
23.375,58,0,0.25
23.625,65,7,0.25
23.875,65,7,1.0
24.875,65,7,0.375
25.250,63,5,0.125
25.375,62,4,0.125
25.500,65,7,0.375
25.875,65,7,1.0
26.875,65,7,0.375
27.250,63,5,0.125
27.375,62,4,0.125
27.500,65,7,0.375
27.875,65,7,1.0
28.875,65,7,0.375
29.250,63,5,0.125
29.375,62,4,0.125
29.500,65,7,0.375
29.875,65,7,1.0
30.875,65,7,0.375
31.250,63,5,0.125
31.375,62,4,0.125
31.500,65,7,0.375
31.875,65,7,1.625
33.500,63,5,0.125
33.625,62,4,0.125
33.750,58,0,0.125
33.875,58,0,1.75
35.625,65,7,0.125
35.750,65,7,0.125
35.875,65,7,0.125
36.000,65,7,0.125
36.125,65,7,0.125
36.250,65,7,0.125
36.375,62,4,0.125
36.500,65,7,0.25
36.750,63,5,0.125
36.875,62,4,0.125
37.000,63,5,0.125
37.125,62,4,0.25
37.375,65,7,0.5
37.875,62,4,0.125
38.000,65,7,0.125
38.125,65,7,0.125
38.250,65,7,0.125
38.375,62,4,0.125
38.500,65,7,0.25
38.750,63,5,0.125
38.875,62,4,0.125
39.000,63,5,0.125
39.125,61,3,0.25
39.375,58,0,0.25
39.625,67,9,0.25
39.875,61,3,0.25
40.125,61,3,0.125
40.250,61,3,0.125
40.375,61,3,0.125
40.500,61,3,0.25
40.750,60,2,0.125
40.875,58,0,0.125
41.000,60,2,0.125
41.125,58,0,0.25
41.375,61,3,0.625
42.000,65,7,0.125
42.125,65,7,0.125
42.250,65,7,0.125
42.375,63,5,0.125
42.500,65,7,0.125
42.625,62,4,0.125
42.750,63,5,0.125
42.875,62,4,0.125
43.000,63,5,0.125
43.125,62,4,0.125
43.250,58,0,0.125
43.375,58,0,0.5
43.875,58,0,0.125
44.000,65,7,0.125
44.125,62,4,0.125
44.250,63,5,0.125
44.375,62,4,0.125
44.500,63,5,0.25
44.750,63,5,0.125
44.875,62,4,0.125
45.000,63,5,0.25
45.250,62,4,0.125
45.375,65,7,0.25
45.625,65,7,0.25
45.875,65,7,0.25
46.125,63,5,0.125
46.250,63,5,0.25
46.500,63,5,0.125
46.625,62,4,0.125
46.750,63,5,0.125
46.875,62,4,0.125
47.000,63,5,0.125
47.125,62,4,0.125
47.250,58,0,0.125
47.375,58,0,0.25
47.625,65,7,0.25
47.875,65,7,1.0
48.875,65,7,0.375
49.250,63,5,0.125
49.375,62,4,0.125
49.500,65,7,0.375
49.875,65,7,1.0
50.875,65,7,0.375
51.250,63,5,0.125
51.375,62,4,0.125
51.500,65,7,0.375
51.875,65,7,1.0
52.875,65,7,0.375
53.250,63,5,0.125
53.375,62,4,0.125
53.500,65,7,0.375
53.875,65,7,1.0
54.875,65,7,0.375
55.250,63,5,0.125
55.375,62,4,0.125
55.500,65,7,0.375
55.875,65,7,1.625
57.500,63,5,0.125
57.625,62,4,0.125
57.750,58,0,0.125
57.875,58,0,26.0
83.875,65,7,0.125
84.000,65,7,0.125
84.125,65,7,0.125
84.250,65,7,0.125
84.375,65,7,0.125
84.500,65,7,0.125
84.625,65,7,0.125
84.750,65,7,0.125
84.875,62,4,0.125
85.000,63,5,0.125
85.125,62,4,0.25
85.375,65,7,0.5
85.875,70,0,0.125
86.000,65,7,0.125
86.125,62,4,0.125
86.250,65,7,0.125
86.375,62,4,0.125
86.500,65,7,0.125
86.625,62,4,0.125
86.750,63,5,0.125
86.875,62,4,0.125
87.000,65,7,0.125
87.125,61,3,0.25
87.375,58,0,0.5
87.875,65,7,0.25
88.125,63,5,0.125
88.250,63,5,0.125
88.375,62,4,0.125
88.500,63,5,0.125
88.625,62,4,0.125
88.750,63,5,0.25
89.000,63,5,0.25
89.250,58,0,0.125
89.375,61,3,0.5
89.875,58,0,0.125
90.000,65,7,0.125
90.125,62,4,0.125
90.250,63,5,0.125
90.375,62,4,0.125
90.500,63,5,0.125
90.625,62,4,0.125
90.750,63,5,0.125
90.875,62,4,0.125
91.000,63,5,0.125
91.125,62,4,0.125
91.250,58,0,0.125
91.375,58,0,0.5
91.875,65,7,0.25
92.125,65,7,0.125
92.250,65,7,0.25
92.500,65,7,0.125
92.625,62,4,0.125
92.750,63,5,0.125
92.875,62,4,0.125
93.000,63,5,0.125
93.125,62,4,0.25
93.375,65,7,0.25
93.625,58,0,0.125
93.750,58,0,0.25
94.000,65,7,0.125
94.125,65,7,0.125
94.250,65,7,0.125
94.375,63,5,0.125
94.500,61,3,0.25
94.750,58,0,0.125
94.875,58,0,0.25
95.125,65,7,0.25
95.375,65,7,0.5
95.875,65,7,0.375
96.250,63,5,0.125
96.375,62,4,0.125
96.500,65,7,0.875
97.375,65,7,0.25
97.625,65,7,0.25
97.875,65,7,0.375
98.250,63,5,0.125
98.375,62,4,0.125
98.500,65,7,0.875
99.375,68,10,0.125
99.500,62,4,0.125
99.625,61,3,0.25
99.875,61,3,0.375
100.250,58,0,0.125
100.375,58,0,0.125
100.500,58,0,0.875
101.375,67,9,0.125
101.500,62,4,0.125
101.625,62,4,0.25
101.875,65,7,0.375
102.250,63,5,0.125
102.375,62,4,0.125
102.500,65,7,1.375
103.875,65,7,1.625
105.500,62,4,0.125
105.625,60,2,0.125
105.750,58,0,0.125
