time,note,scale degree,length
8.000,59,2,0.875
8.875,57,0,0.875
9.750,57,0,0.125
9.875,59,2,0.125
10.000,57,0,1.125
11.125,55,10,0.125
11.250,59,2,0.125
11.375,59,2,0.375
11.750,55,10,0.125
11.875,59,2,0.375
12.250,55,10,0.125
12.375,60,3,0.25
12.625,59,2,0.25
12.875,59,2,0.25
13.125,57,0,0.75
13.875,52,7,0.125
14.000,60,3,0.25
14.250,60,3,0.25
14.500,60,3,0.25
14.750,60,3,0.125
14.875,59,2,0.25
15.125,55,10,0.75
15.875,55,10,0.125
16.000,59,2,0.125
16.125,59,2,0.25
16.375,60,3,0.375
16.750,59,2,0.125
16.875,57,0,2.375
19.250,59,2,0.25
19.500,59,2,0.25
19.750,59,2,0.25
20.000,60,3,0.5
20.500,59,2,0.375
20.875,57,0,1.5
22.375,57,0,0.125
22.500,57,0,0.125
22.625,59,2,0.25
22.875,55,10,1.375
24.250,60,3,0.25
24.500,60,3,0.125
24.625,60,3,0.125
24.750,59,2,0.125
24.875,59,2,0.125
25.000,57,0,1.25
26.250,60,3,0.25
26.500,60,3,0.125
26.625,60,3,0.125
26.750,57,0,0.125
26.875,59,2,0.625
27.500,59,2,0.5
28.000,60,3,0.25
28.250,60,3,0.25
28.500,60,3,0.25
28.750,59,2,0.125
28.875,59,2,0.125
29.000,57,0,1.25
30.250,60,3,0.25
30.500,60,3,0.25
30.750,57,0,0.125
30.875,59,2,0.5
31.375,59,2,0.5
31.875,59,2,0.75
32.625,60,3,0.125
32.750,59,2,0.125
32.875,59,2,0.25
33.125,57,0,0.25
33.375,55,10,0.125
33.500,57,0,0.25
33.750,55,10,0.125
33.875,59,2,0.125
34.000,57,0,1.25
35.250,59,2,0.25
35.500,59,2,0.25
35.750,59,2,0.25
36.000,60,3,0.5
36.500,59,2,0.375
36.875,57,0,1.0
37.875,57,0,0.125
38.000,57,0,0.125
38.125,57,0,0.25
38.375,57,0,0.375
38.750,59,2,0.125
38.875,55,10,1.0
39.875,55,10,0.125
40.000,60,3,0.25
40.250,60,3,0.125
40.375,57,0,0.125
40.500,60,3,0.25
40.750,59,2,0.125
40.875,59,2,0.125
41.000,57,0,0.875
41.875,57,0,0.125
42.000,60,3,0.25
42.250,60,3,0.125
42.375,57,0,0.125
42.500,60,3,0.25
42.750,59,2,0.125
42.875,57,0,1.75
44.625,60,3,0.375
45.000,60,3,0.25
45.250,60,3,0.25
45.500,60,3,0.25
45.750,60,3,0.25
46.000,60,3,0.5
46.500,59,2,0.375
46.875,57,0,1.625
48.500,60,3,0.125
48.625,60,3,0.125
48.750,59,2,0.125
48.875,59,2,0.125
49.000,57,0,1.0
50.000,60,3,0.25
50.250,60,3,0.25
50.500,60,3,0.125
50.625,60,3,0.25
50.875,59,2,0.125
51.000,55,10,0.5
51.500,59,2,0.5
52.000,60,3,0.25
52.250,60,3,0.25
52.500,60,3,0.25
52.750,59,2,0.125
52.875,59,2,0.125
53.000,57,0,1.25
54.250,60,3,0.25
54.500,60,3,0.25
54.750,57,0,0.125
54.875,59,2,0.375
55.250,59,2,0.125
55.375,59,2,0.25
55.625,59,2,0.25
55.875,59,2,0.75
56.625,60,3,0.125
56.750,59,2,0.125
56.875,59,2,0.25
57.125,57,0,0.25
57.375,55,10,0.125
57.500,57,0,0.25
57.750,55,10,0.125
57.875,57,0,0.625
58.500,57,0,0.75
59.250,59,2,0.25
59.500,59,2,0.25
59.750,59,2,0.25
60.000,60,3,0.5
60.500,59,2,0.375
60.875,57,0,1.5
62.375,57,0,0.125
62.500,57,0,0.125
62.625,59,2,0.25
62.875,55,10,1.5
64.375,55,10,0.125
64.500,60,3,0.125
64.625,59,2,0.25
64.875,57,0,1.0
65.875,52,7,0.125
66.000,60,3,0.125
66.125,60,3,0.25
66.375,60,3,0.5
66.875,60,3,0.125
67.000,59,2,0.125
67.125,59,2,0.25
67.375,55,10,0.125
67.500,59,2,0.25
67.750,55,10,0.125
67.875,59,2,0.5
68.375,55,10,0.125
68.500,60,3,0.125
68.625,59,2,0.25
68.875,57,0,0.875
69.750,52,7,0.125
69.875,57,0,1.0
70.875,52,7,0.125
71.000,59,2,0.25
71.250,59,2,0.25
71.500,59,2,0.125
71.625,59,2,0.25
71.875,59,2,0.625
72.500,60,3,0.125
72.625,59,2,0.375
73.000,57,0,0.125
73.125,57,0,0.25
73.375,57,0,0.375
73.750,57,0,0.25
74.000,59,2,0.125
74.125,57,0,0.25
74.375,57,0,0.375
74.750,57,0,0.5
75.250,59,2,0.25
75.500,59,2,0.25
75.750,55,10,0.125
75.875,59,2,0.625
76.500,60,3,0.25
76.750,59,2,0.25
77.000,57,0,1.625
78.625,59,2,0.25
78.875,55,10,1.0
79.875,55,10,0.125
80.000,60,3,0.25
80.250,60,3,0.125
80.375,57,0,0.125
80.500,60,3,0.25
80.750,59,2,0.125
80.875,59,2,0.125
81.000,57,0,0.875
81.875,57,0,0.125
82.000,60,3,0.25
82.250,60,3,0.125
82.375,57,0,0.125
82.500,60,3,0.25
82.750,59,2,0.125
82.875,57,0,1.75
84.625,60,3,0.375
85.000,60,3,0.25
85.250,60,3,0.25
85.500,60,3,0.25
85.750,60,3,0.25
86.000,60,3,0.5
86.500,59,2,0.375
86.875,57,0,6.125
93.000,60,3,0.25
93.250,60,3,0.25
93.500,60,3,0.25
93.750,57,0,0.125
93.875,60,3,1.125
95.000,60,3,0.25
95.250,60,3,0.25
95.500,60,3,0.25
95.750,60,3,0.125
95.875,60,3,0.375
96.250,60,3,0.25
96.500,60,3,0.125
96.625,60,3,0.125
96.750,59,2,0.125
96.875,59,2,0.125
97.000,57,0,1.25
98.250,60,3,0.25
98.500,60,3,0.125
98.625,60,3,0.125
98.750,57,0,0.125
98.875,59,2,0.625
99.500,59,2,0.5
100.000,60,3,0.25
100.250,60,3,0.25
100.500,60,3,0.25
100.750,59,2,0.125
100.875,59,2,0.125
101.000,57,0,1.25
102.250,60,3,0.25
102.500,60,3,0.25
102.750,57,0,0.125
102.875,59,2,0.5
103.375,59,2,0.5
103.875,59,2,0.75
104.625,60,3,0.125
104.750,59,2,0.125
104.875,59,2,0.25
105.125,57,0,0.25
105.375,55,10,0.125
105.500,57,0,0.25
105.750,55,10,0.125
105.875,59,2,0.125
106.000,57,0,1.25
107.250,59,2,0.25
107.500,59,2,0.25
107.750,59,2,0.25
108.000,60,3,0.5
108.500,59,2,0.375
108.875,57,0,1.0
109.875,57,0,0.125
110.000,57,0,0.125
110.125,57,0,0.25
110.375,57,0,0.375
110.750,59,2,0.125
110.875,55,10,1.0
111.875,55,10,0.125
112.000,60,3,0.25
112.250,60,3,0.125
112.375,57,0,0.125
112.500,60,3,0.25
112.750,59,2,0.125
112.875,59,2,0.125
113.000,57,0,0.875
113.875,53,8,0.125
114.000,60,3,0.25
114.250,60,3,0.125
114.375,57,0,0.125
114.500,60,3,0.25
114.750,59,2,0.125
114.875,57,0,1.75
116.625,60,3,0.375
117.000,60,3,0.25
117.250,60,3,0.25
117.500,60,3,0.25
117.750,60,3,0.25
118.000,60,3,0.5
118.500,59,2,0.375
118.875,57,0,2.0
120.875,57,0,0.125
121.000,60,3,0.25
121.250,60,3,0.25
121.500,60,3,0.25
121.750,60,3,0.125
121.875,60,3,1.0
122.875,60,3,0.5
123.375,60,3,0.5
123.875,60,3,0.5
124.375,60,3,0.625
125.000,60,3,0.25
125.250,60,3,0.25
125.500,60,3,0.25
125.750,60,3,0.125
125.875,60,3,0.625
126.500,60,3,0.25
126.750,57,0,0.125
126.875,57,0,0.625
127.500,60,3,0.25
127.750,57,0,0.125
127.875,55,10,0.625
