time,note,scale degree,length
7.750,64,9,0.25
8.000,62,7,0.25
8.250,60,5,0.25
8.500,59,4,0.125
8.625,60,5,0.25
8.875,62,7,0.125
9.000,62,7,0.875
9.875,64,9,0.25
10.125,64,9,0.25
10.375,64,9,0.06300000000000061
10.438,62,7,0.06199999999999939
10.500,60,5,0.125
10.625,59,4,0.25
10.875,60,5,1.25
12.125,59,4,0.125
12.250,57,2,0.125
12.375,55,0,0.1869999999999994
12.562,55,0,0.06300000000000061
12.625,60,5,0.25
12.875,59,4,0.125
13.000,59,4,1.125
14.125,55,0,0.25
14.375,55,0,0.125
14.500,55,0,0.125
14.625,55,0,0.25
14.875,57,2,0.25
15.125,57,2,0.5
15.625,60,5,0.125
15.750,64,9,0.25
16.000,62,7,0.25
16.250,60,5,0.25
16.500,59,4,0.25
16.750,60,5,0.125
16.875,62,7,0.25
17.125,62,7,1.0
18.125,64,9,0.125
18.250,64,9,0.125
18.375,64,9,0.125
18.500,62,7,0.125
18.625,60,5,0.06299999999999883
18.688,59,4,0.18700000000000117
18.875,60,5,0.25
19.125,60,5,0.5
19.625,62,7,0.25
19.875,59,4,0.25
20.125,59,4,0.125
20.250,57,2,0.25
20.500,55,0,0.25
20.750,60,5,0.125
20.875,57,2,0.125
21.000,59,4,0.375
21.375,59,4,1.0
22.375,55,0,0.25
22.625,55,0,0.25
22.875,57,2,0.25
23.125,57,2,0.875
24.000,59,4,0.25
24.250,62,7,0.25
24.500,59,4,0.25
24.750,57,2,0.125
24.875,55,0,1.5
26.375,55,0,0.25
26.625,59,4,0.25
26.875,57,2,0.25
27.125,57,2,0.125
27.250,55,0,0.625
27.875,55,0,0.125
28.000,59,4,0.25
28.250,62,7,0.25
28.500,64,9,0.125
28.625,66,11,0.125
28.750,64,9,1.625
30.375,55,0,0.125
30.500,59,4,0.375
30.875,57,2,0.25
31.125,55,0,1.25
32.375,55,0,0.125
32.500,59,4,0.375
32.875,57,2,0.25
33.125,55,0,1.5
34.625,59,4,0.125
34.750,59,4,0.125
34.875,64,9,0.125
35.000,62,7,0.1880000000000024
35.188,62,7,0.1869999999999976
35.375,62,7,0.25
35.625,60,5,0.125
35.750,59,4,0.1880000000000024
35.938,60,5,0.1869999999999976
36.125,62,7,0.25
36.375,62,7,0.125
36.500,67,0,0.1880000000000024
36.688,66,11,0.1869999999999976
36.875,66,11,0.25
37.125,64,9,0.25
37.375,62,7,0.125
37.500,60,5,0.125
37.625,59,4,0.125
37.750,62,7,0.125
37.875,60,5,0.75
38.625,59,4,0.125
38.750,62,7,0.25
39.000,59,4,0.1880000000000024
39.188,59,4,0.1869999999999976
39.375,57,2,0.125
39.500,55,0,0.125
39.625,60,5,0.25
39.875,59,4,0.125
40.000,59,4,0.125
40.125,59,4,0.5
40.625,52,9,0.125
40.750,55,0,0.125
40.875,55,0,0.125
41.000,55,0,0.25
41.250,55,0,0.25
41.500,55,0,0.25
41.750,55,0,0.125
41.875,55,0,0.125
42.000,55,0,0.125
42.125,57,2,0.5
42.625,64,9,0.25
42.875,62,7,0.25
43.125,62,7,0.25
43.375,60,5,0.125
43.500,59,4,0.125
43.625,60,5,0.25
43.875,62,7,0.125
44.000,62,7,0.5
44.500,67,0,0.25
44.750,66,11,0.25
45.000,64,9,0.25
45.250,62,7,0.125
45.375,60,5,0.25
45.625,59,4,0.25
45.875,60,5,0.5
46.375,67,0,0.375
46.750,62,7,0.25
47.000,59,4,0.25
47.250,57,2,0.25
47.500,55,0,0.25
47.750,60,5,0.125
47.875,59,4,0.125
48.000,59,4,0.125
48.125,59,4,0.5
48.625,52,9,0.25
48.875,55,0,0.25
49.125,55,0,0.125
49.250,55,0,0.25
49.500,55,0,0.25
49.750,57,2,0.125
49.875,57,2,1.125
51.000,59,4,0.25
51.250,62,7,0.25
51.500,59,4,0.25
51.750,57,2,0.125
51.875,55,0,1.5
53.375,62,7,0.25
53.625,59,4,0.25
53.875,57,2,0.25
54.125,57,2,0.125
54.250,55,0,0.625
54.875,55,0,0.125
55.000,59,4,0.25
55.250,62,7,0.25
55.500,64,9,0.125
55.625,66,11,0.125
55.750,64,9,1.625
57.375,55,0,0.125
57.500,59,4,0.375
57.875,57,2,0.25
58.125,55,0,1.25
59.375,55,0,0.125
59.500,59,4,0.375
59.875,57,2,0.25
60.125,55,0,1.25
61.375,55,0,0.125
61.500,59,4,0.375
61.875,57,2,0.25
62.125,55,0,9.5
71.625,60,5,0.1869999999999976
71.812,59,4,0.1880000000000024
72.000,64,9,0.125
72.125,62,7,0.1869999999999976
72.312,62,7,0.1880000000000024
72.500,62,7,0.1880000000000024
72.688,60,5,0.1869999999999976
72.875,59,4,0.125
73.000,60,5,0.1880000000000024
73.188,62,7,0.1869999999999976
73.375,62,7,0.25
73.625,67,0,0.1869999999999976
73.812,66,11,0.06300000000000239
73.875,66,11,0.25
74.125,64,9,0.25
74.375,62,7,0.125
74.500,60,5,0.125
74.625,59,4,0.125
74.750,62,7,0.125
74.875,60,5,0.625
75.500,67,0,0.375
75.875,59,4,0.125
76.000,62,7,0.125
76.125,59,4,0.25
76.375,59,4,0.125
76.500,57,2,0.125
76.625,55,0,0.125
76.750,60,5,0.125
76.875,59,4,0.125
77.000,59,4,0.125
77.125,59,4,0.5
77.625,50,7,0.125
77.750,55,0,0.125
77.875,55,0,0.125
78.000,55,0,0.25
78.250,55,0,0.25
78.500,55,0,0.25
78.750,55,0,0.125
78.875,55,0,0.125
79.000,57,2,0.625
79.625,64,9,0.25
79.875,62,7,0.25
80.125,62,7,0.25
80.375,60,5,0.125
80.500,59,4,0.125
80.625,60,5,0.25
80.875,62,7,0.125
81.000,62,7,0.5
81.500,67,0,0.25
81.750,66,11,0.25
82.000,64,9,0.25
82.250,62,7,0.125
82.375,60,5,0.25
82.625,59,4,0.25
82.875,60,5,0.625
83.500,62,7,0.25
83.750,60,5,0.25
84.000,59,4,0.25
84.250,57,2,0.25
84.500,55,0,0.25
84.750,60,5,0.125
84.875,59,4,0.25
85.125,59,4,0.125
85.250,59,4,0.375
85.625,52,9,0.25
85.875,55,0,0.25
86.125,55,0,0.125
86.250,55,0,0.25
86.500,55,0,0.25
86.750,57,2,0.125
86.875,57,2,1.125
88.000,59,4,0.25
88.250,62,7,0.25
88.500,59,4,0.25
88.750,57,2,0.125
88.875,55,0,1.5
90.375,62,7,0.25
90.625,59,4,0.25
90.875,57,2,0.25
91.125,57,2,0.125
91.250,55,0,0.625
91.875,55,0,0.125
92.000,59,4,0.25
92.250,62,7,0.25
92.500,64,9,0.125
92.625,66,11,0.125
92.750,64,9,1.625
94.375,55,0,0.125
94.500,59,4,0.375
94.875,57,2,0.25
95.125,55,0,0.875
96.000,59,4,0.25
96.250,62,7,0.25
96.500,64,9,0.125
96.625,66,11,0.125
96.750,64,9,1.625
98.375,55,0,0.125
98.500,59,4,0.375
98.875,57,2,0.25
99.125,55,0,1.25
100.375,55,0,0.25
100.625,59,4,0.25
100.875,57,2,0.25
101.125,57,2,0.125
101.250,55,0,1.25
102.500,59,4,0.1880000000000024
102.688,57,2,0.1869999999999976
102.875,57,2,0.1869999999999976
