time,note,scale degree,length
0.125,58,7,0.125
0.250,60,9,0.125
0.375,61,10,0.125
0.500,61,10,0.125
0.625,61,10,0.125
0.750,61,10,0.125
0.875,60,9,0.125
1.000,60,9,0.25
1.250,58,7,0.25
1.500,58,7,0.25
1.750,55,4,0.125
1.875,58,7,0.25
2.125,60,9,0.75
2.875,61,10,0.25
3.125,61,10,0.125
3.250,60,9,0.125
3.375,56,5,0.125
3.500,58,7,0.25
3.750,55,4,0.125
3.875,58,7,0.25
4.125,51,0,0.625
4.750,61,10,0.125
4.875,58,7,0.125
5.000,61,10,0.25
5.250,60,9,0.25
5.500,58,7,0.125
5.625,55,4,0.25
5.875,58,7,0.25
6.125,60,9,0.75
6.875,61,10,0.25
7.125,61,10,0.125
7.250,60,9,0.25
7.500,58,7,0.25
7.750,55,4,0.125
7.875,58,7,0.25
8.125,51,0,0.875
9.000,61,10,0.125
9.125,61,10,0.125
9.250,60,9,0.125
9.375,58,7,0.25
9.625,55,4,0.25
9.875,58,7,0.25
10.125,60,9,0.75
10.875,58,7,0.25
11.125,58,7,0.125
11.250,56,5,0.125
11.375,56,5,0.125
11.500,55,4,0.25
11.750,53,2,0.125
11.875,51,0,1.0
12.875,58,7,0.25
13.125,58,7,0.125
13.250,56,5,0.125
13.375,56,5,0.125
13.500,55,4,0.25
13.750,53,2,0.125
13.875,51,0,0.25
14.125,58,7,0.125
14.250,58,7,0.125
14.375,58,7,0.125
14.500,58,7,0.125
14.625,56,5,0.125
14.750,56,5,0.25
15.000,55,4,0.125
15.125,53,2,0.125
15.250,53,2,0.125
15.375,53,2,0.75
16.125,53,2,0.125
16.250,53,2,0.125
16.375,56,5,0.125
16.500,56,5,0.125
16.625,56,5,0.125
16.750,56,5,0.125
16.875,56,5,0.125
17.000,56,5,0.125
17.125,55,4,0.25
17.375,55,4,0.125
17.500,53,2,0.125
17.625,51,0,0.5
18.125,55,4,0.125
18.250,56,5,0.125
18.375,56,5,0.125
18.500,58,7,0.125
18.625,58,7,0.125
18.750,58,7,0.125
18.875,58,7,0.125
19.000,58,7,0.125
19.125,56,5,0.125
19.250,56,5,0.125
19.375,56,5,0.75
20.125,56,5,0.125
20.250,56,5,0.125
20.375,58,7,0.125
20.500,60,9,0.125
20.625,60,9,0.125
20.750,60,9,0.125
20.875,60,9,0.125
21.000,60,9,0.25
21.250,58,7,0.125
21.375,58,7,0.75
22.125,61,10,0.125
22.250,61,10,0.125
22.375,61,10,0.125
22.500,61,10,0.125
22.625,61,10,0.125
22.750,60,9,0.25
23.000,60,9,0.25
23.250,58,7,0.25
23.500,58,7,0.25
23.750,55,4,0.125
23.875,58,7,0.25
24.125,60,9,0.75
24.875,61,10,0.25
25.125,61,10,0.125
25.250,60,9,0.125
25.375,56,5,0.125
25.500,58,7,0.25
25.750,55,4,0.125
25.875,58,7,0.25
26.125,51,0,0.625
26.750,61,10,0.125
26.875,58,7,0.125
27.000,61,10,0.25
27.250,60,9,0.25
27.500,58,7,0.125
27.625,55,4,0.25
27.875,58,7,0.25
28.125,60,9,0.75
28.875,61,10,0.25
29.125,61,10,0.125
29.250,60,9,0.25
29.500,58,7,0.25
29.750,55,4,0.125
29.875,58,7,0.25
30.125,51,0,0.875
31.000,61,10,0.125
31.125,61,10,0.125
31.250,60,9,0.125
31.375,58,7,0.25
31.625,55,4,0.25
31.875,58,7,0.25
32.125,60,9,0.75
32.875,58,7,0.25
33.125,58,7,0.125
33.250,56,5,0.125
33.375,56,5,0.125
33.500,55,4,0.25
33.750,53,2,0.125
33.875,51,0,1.0
34.875,58,7,0.25
35.125,58,7,0.125
35.250,56,5,0.125
35.375,56,5,0.125
35.500,55,4,0.25
35.750,53,2,0.125
35.875,51,0,0.25
36.125,58,7,0.125
36.250,58,7,0.125
36.375,58,7,0.125
36.500,58,7,0.125
36.625,56,5,0.125
36.750,56,5,0.125
36.875,58,7,0.125
37.000,55,4,0.25
37.250,53,2,0.125
37.375,53,2,0.75
38.125,53,2,0.125
38.250,53,2,0.125
38.375,55,4,0.125
38.500,56,5,0.125
38.625,56,5,0.125
38.750,56,5,0.125
38.875,58,7,0.125
39.000,58,7,0.125
39.125,56,5,0.125
39.250,55,4,0.125
39.375,55,4,0.75
40.125,55,4,0.125
40.250,55,4,0.125
40.375,56,5,0.125
40.500,58,7,0.125
40.625,58,7,0.125
40.750,58,7,0.125
40.875,58,7,0.125
41.000,60,9,0.125
41.125,58,7,0.125
41.250,56,5,0.125
41.375,56,5,0.75
42.125,61,10,0.125
42.250,60,9,0.125
42.375,56,5,0.125
42.500,60,9,0.125
42.625,56,5,0.125
42.750,60,9,0.125
42.875,56,5,0.125
43.000,60,9,0.25
43.250,58,7,0.125
43.375,58,7,0.75
44.125,61,10,0.125
44.250,61,10,0.125
44.375,61,10,0.125
44.500,61,10,0.125
44.625,60,9,0.125
44.750,60,9,0.125
44.875,58,7,0.125
45.000,60,9,0.25
45.250,58,7,0.25
45.500,58,7,0.25
45.750,55,4,0.125
45.875,58,7,0.25
46.125,51,0,0.75
46.875,61,10,0.25
47.125,61,10,0.125
47.250,60,9,0.125
47.375,56,5,0.125
47.500,58,7,0.25
47.750,55,4,0.125
47.875,58,7,0.25
48.125,51,0,0.625
48.750,61,10,0.125
48.875,58,7,0.125
49.000,61,10,0.25
49.250,60,9,0.25
49.500,58,7,0.125
49.625,55,4,0.25
49.875,58,7,0.25
50.125,60,9,0.75
50.875,61,10,0.25
51.125,61,10,0.125
51.250,60,9,0.25
51.500,58,7,0.25
51.750,55,4,0.125
51.875,58,7,0.25
52.125,51,0,0.875
53.000,61,10,0.125
53.125,61,10,0.125
53.250,60,9,0.125
53.375,58,7,0.25
53.625,55,4,0.25
53.875,58,7,0.25
54.125,60,9,0.75
54.875,58,7,0.25
55.125,58,7,0.125
55.250,56,5,0.125
55.375,56,5,0.125
55.500,55,4,0.25
55.750,53,2,0.125
55.875,51,0,1.0
56.875,58,7,0.25
57.125,58,7,0.125
57.250,56,5,0.125
57.375,56,5,0.125
57.500,55,4,0.25
57.750,53,2,0.125
57.875,51,0,0.25
58.125,58,7,0.125
58.250,58,7,0.25
58.500,58,7,0.125
58.625,56,5,0.125
58.750,56,5,0.125
58.875,58,7,0.125
59.000,55,4,0.25
59.250,53,2,0.125
59.375,53,2,0.75
60.125,53,2,0.125
60.250,53,2,0.125
60.375,55,4,0.125
60.500,56,5,0.125
60.625,56,5,0.125
60.750,56,5,0.125
60.875,56,5,0.125
61.000,56,5,0.25
61.250,55,4,0.125
61.375,55,4,0.75
62.125,55,4,0.125
62.250,55,4,0.125
62.375,56,5,0.125
62.500,58,7,0.125
62.625,58,7,0.125
62.750,58,7,0.125
62.875,58,7,0.125
63.000,58,7,0.125
63.125,56,5,0.125
63.250,56,5,0.125
63.375,56,5,0.75
64.125,56,5,0.125
64.250,60,9,0.25
64.500,60,9,0.125
64.625,56,5,0.125
64.750,60,9,0.125
64.875,60,9,0.375
65.250,58,7,0.125
65.375,58,7,0.75
66.125,61,10,0.125
66.250,61,10,0.125
66.375,61,10,0.125
66.500,61,10,0.125
66.625,60,9,0.125
66.750,60,9,0.25
67.000,58,7,0.125
67.125,60,9,0.125
67.250,58,7,0.25
67.500,58,7,0.25
67.750,55,4,0.125
67.875,58,7,0.25
68.125,51,0,0.75
68.875,61,10,0.25
69.125,61,10,0.125
69.250,60,9,0.125
69.375,56,5,0.125
69.500,58,7,0.25
69.750,55,4,0.125
69.875,58,7,0.25
70.125,51,0,0.625
70.750,61,10,0.125
70.875,58,7,0.125
71.000,61,10,0.25
71.250,60,9,0.25
71.500,58,7,0.125
71.625,55,4,0.25
71.875,58,7,0.25
72.125,60,9,0.75
72.875,61,10,0.25
73.125,61,10,0.125
73.250,60,9,0.25
73.500,58,7,0.25
73.750,55,4,0.125
73.875,58,7,0.25
74.125,51,0,0.875
75.000,61,10,0.125
75.125,61,10,0.125
75.250,60,9,0.125
75.375,58,7,0.25
75.625,55,4,0.25
75.875,58,7,0.25
76.125,60,9,0.75
76.875,58,7,0.25
77.125,58,7,0.125
77.250,56,5,0.125
77.375,56,5,0.125
77.500,55,4,0.25
77.750,53,2,0.125
77.875,51,0,1.0
78.875,58,7,0.25
79.125,58,7,0.125
79.250,56,5,0.125
79.375,56,5,0.125
79.500,55,4,0.25
79.750,53,2,0.125
79.875,51,0,0.25
80.125,58,7,0.125
80.250,58,7,0.125
80.375,58,7,0.125
80.500,58,7,0.125
80.625,60,9,0.125
80.750,56,5,0.125
80.875,56,5,0.125
81.000,55,4,0.125
81.125,53,2,0.25
81.375,53,2,0.75
82.125,53,2,0.125
82.250,53,2,0.125
82.375,55,4,0.125
82.500,56,5,0.125
82.625,56,5,0.125
82.750,56,5,0.125
82.875,56,5,0.125
83.000,56,5,0.125
83.125,55,4,0.25
83.375,55,4,0.75
84.125,55,4,0.125
84.250,55,4,0.125
84.375,56,5,0.125
84.500,58,7,0.125
84.625,58,7,0.125
84.750,58,7,0.125
84.875,58,7,0.125
85.000,58,7,0.125
85.125,56,5,0.25
85.375,56,5,0.75
86.125,58,7,0.125
86.250,60,9,0.125
86.375,60,9,0.125
86.500,60,9,0.125
86.625,60,9,0.125
86.750,60,9,0.125
86.875,60,9,0.125
87.000,60,9,0.375
87.375,58,7,0.75
88.125,61,10,0.125
88.250,61,10,0.125
88.375,61,10,0.125
88.500,61,10,0.125
88.625,60,9,0.125
88.750,60,9,0.125
88.875,60,9,0.125
89.000,60,9,0.25
89.250,58,7,0.25
89.500,58,7,0.25
89.750,55,4,0.125
89.875,58,7,0.25
90.125,60,9,0.75
90.875,61,10,0.25
91.125,61,10,0.125
91.250,60,9,0.125
91.375,56,5,0.125
91.500,58,7,0.25
91.750,55,4,0.125
91.875,58,7,0.25
92.125,51,0,0.625
92.750,61,10,0.125
92.875,58,7,0.125
93.000,61,10,0.25
93.250,60,9,0.25
93.500,58,7,0.125
93.625,55,4,0.25
93.875,58,7,0.25
94.125,60,9,0.75
94.875,61,10,0.25
95.125,61,10,0.125
95.250,60,9,0.25
95.500,58,7,0.25
95.750,55,4,0.125
95.875,58,7,0.25
96.125,51,0,0.875
97.000,61,10,0.125
97.125,61,10,0.125
97.250,60,9,0.125
97.375,58,7,0.25
97.625,55,4,0.25
97.875,58,7,0.25
98.125,60,9,0.75
98.875,58,7,0.25
99.125,58,7,0.125
99.250,56,5,0.125
99.375,56,5,0.125
99.500,55,4,0.25
99.750,53,2,0.125
99.875,51,0,1.0
100.875,58,7,0.25
101.125,58,7,0.125
101.250,56,5,0.125
101.375,56,5,0.125
101.500,55,4,0.25
101.750,53,2,0.125
