time,note,scale degree,length
14.125,67,3,0.125
14.250,67,3,0.125
14.375,67,3,0.125
14.500,67,3,0.375
14.875,59,7,0.125
15.000,62,10,0.06199999999999939
15.062,62,10,0.06300000000000061
15.125,62,10,0.125
15.250,62,10,0.125
15.375,64,0,0.75
16.125,62,10,0.06299999999999883
16.188,62,10,0.18700000000000117
16.375,62,10,0.125
16.500,62,10,0.125
16.625,64,0,0.25
16.875,64,0,0.125
17.000,62,10,0.125
17.125,58,6,0.125
17.250,57,5,0.125
17.375,57,5,0.125
17.500,55,3,0.625
18.125,62,10,0.125
18.250,62,10,0.125
18.375,62,10,0.125
18.500,62,10,0.125
18.625,64,0,0.25
18.875,64,0,0.125
19.000,62,10,0.125
19.125,59,7,0.06299999999999883
19.188,57,5,0.062000000000001165
19.250,57,5,0.125
19.375,57,5,0.125
19.500,55,3,0.625
20.125,62,10,0.06299999999999883
20.188,62,10,0.062000000000001165
20.250,62,10,0.125
20.375,62,10,0.125
20.500,64,0,0.25
20.750,64,0,0.125
20.875,59,7,0.125
21.000,62,10,0.125
21.125,61,9,0.125
21.250,57,5,0.125
21.375,57,5,0.125
21.500,55,3,0.125
21.625,62,10,0.125
21.750,64,0,0.062000000000001165
21.812,62,10,0.06299999999999883
21.875,64,0,0.75
22.625,60,8,0.125
22.750,62,10,0.125
22.875,64,0,0.25
23.125,62,10,0.125
23.250,57,5,0.125
23.375,55,3,0.5
23.875,65,1,0.18700000000000117
24.062,64,0,0.03200000000000003
24.094,65,1,0.030999999999998806
24.125,64,0,0.125
24.250,62,10,0.125
24.375,64,0,0.375
24.750,62,10,0.125
24.875,64,0,0.5
25.375,58,6,0.125
25.500,57,5,0.125
25.625,57,5,0.125
25.750,55,3,0.375
26.125,62,10,0.125
26.250,64,0,0.375
26.625,67,3,0.375
27.000,67,3,0.25
27.250,66,2,0.25
27.500,66,2,0.25
27.750,64,0,0.25
28.000,64,0,0.125
28.125,62,10,1.375
29.500,62,10,0.125
29.625,62,10,0.125
29.750,62,10,0.125
29.875,64,0,1.25
31.125,62,10,0.125
31.250,62,10,0.125
31.375,62,10,0.125
31.500,61,9,0.125
31.625,59,7,0.125
31.750,62,10,0.125
31.875,64,0,0.25
32.125,62,10,0.06300000000000239
32.188,59,7,0.06199999999999761
32.250,61,9,0.875
33.125,62,10,0.125
33.250,62,10,0.125
33.375,62,10,0.25
33.625,62,10,0.125
33.750,62,10,0.125
33.875,64,0,2.25
36.125,67,3,0.125
36.250,67,3,0.125
36.375,67,3,0.125
36.500,67,3,0.375
36.875,59,7,0.125
37.000,62,10,0.06199999999999761
37.062,62,10,0.06300000000000239
37.125,62,10,0.125
37.250,62,10,0.125
37.375,64,0,0.75
38.125,62,10,0.06300000000000239
38.188,62,10,0.1869999999999976
38.375,62,10,0.125
38.500,64,0,0.375
38.875,64,0,0.125
39.000,62,10,0.125
39.125,58,6,0.125
39.250,57,5,0.125
39.375,57,5,0.125
39.500,55,3,0.625
40.125,62,10,0.125
40.250,62,10,0.125
40.375,62,10,0.125
40.500,62,10,0.125
40.625,64,0,0.25
40.875,64,0,0.125
41.000,62,10,0.125
41.125,59,7,0.06300000000000239
41.188,57,5,0.06199999999999761
41.250,57,5,0.125
41.375,57,5,0.125
41.500,55,3,0.625
42.125,62,10,0.125
42.250,62,10,0.125
42.375,62,10,0.125
42.500,64,0,0.25
42.750,64,0,0.125
42.875,64,0,0.125
43.000,62,10,0.125
43.125,61,9,0.125
43.250,57,5,0.125
43.375,57,5,0.125
43.500,55,3,0.125
43.625,62,10,0.125
43.750,64,0,0.06199999999999761
43.812,62,10,0.06300000000000239
43.875,64,0,0.75
44.625,60,8,0.125
44.750,62,10,0.125
44.875,64,0,0.25
45.125,62,10,0.125
45.250,57,5,0.125
45.375,55,3,0.5
45.875,65,1,0.125
46.000,64,0,0.06199999999999761
46.062,65,1,0.06300000000000239
46.125,64,0,0.125
46.250,62,10,0.125
46.375,64,0,0.375
46.750,62,10,0.125
46.875,69,5,0.25
47.125,70,6,0.06300000000000239
47.188,69,5,0.1869999999999976
47.375,67,3,0.1869999999999976
47.562,64,0,0.3130000000000024
47.875,67,3,0.875
48.750,76,0,1.25
50.000,74,10,8.375
58.375,66,2,0.25
58.625,64,0,0.75
59.375,64,0,0.25
59.625,64,0,0.75
60.375,67,3,0.125
60.500,66,2,0.125
60.625,64,0,0.75
61.375,64,0,0.25
61.625,64,0,0.75
62.375,67,3,0.125
62.500,67,3,0.125
62.625,66,2,0.25
62.875,64,0,0.125
63.000,66,2,0.625
63.625,66,2,0.125
63.750,67,3,0.125
63.875,69,5,0.75
64.625,67,3,0.375
65.000,71,7,0.125
65.125,67,3,0.25
65.375,64,0,0.25
65.625,71,7,0.25
65.875,76,0,1.625
67.500,67,3,0.125
67.625,66,2,0.125
67.750,66,2,0.125
67.875,64,0,0.125
68.000,64,0,0.125
68.125,61,9,6.0
74.125,67,3,0.125
74.250,67,3,0.125
74.375,67,3,0.125
74.500,67,3,0.375
74.875,59,7,0.125
75.000,62,10,0.125
75.125,62,10,0.06300000000000239
75.188,62,10,0.06199999999999761
75.250,62,10,0.125
75.375,64,0,0.75
76.125,62,10,0.06300000000000239
76.188,62,10,0.1869999999999976
76.375,62,10,0.125
76.500,64,0,0.375
76.875,64,0,0.125
77.000,62,10,0.125
77.125,58,6,0.125
77.250,57,5,0.125
77.375,57,5,0.125
77.500,55,3,0.625
78.125,62,10,0.125
78.250,62,10,0.125
78.375,62,10,0.125
78.500,62,10,0.125
78.625,64,0,0.25
78.875,64,0,0.125
79.000,62,10,0.125
79.125,59,7,0.06300000000000239
79.188,57,5,0.06199999999999761
79.250,57,5,0.125
79.375,57,5,0.125
79.500,55,3,0.625
80.125,62,10,0.06300000000000239
80.188,62,10,0.1869999999999976
80.375,62,10,0.125
80.500,62,10,0.125
80.625,64,0,0.25
80.875,64,0,0.125
81.000,62,10,0.125
81.125,61,9,0.125
81.250,57,5,0.125
81.375,57,5,0.125
81.500,55,3,0.125
81.625,62,10,0.125
81.750,64,0,0.06199999999999761
81.812,62,10,0.06300000000000239
81.875,64,0,0.75
82.625,60,8,0.125
82.750,62,10,0.125
82.875,64,0,0.25
83.125,62,10,0.125
83.250,62,10,0.625
83.875,65,1,0.1869999999999976
84.062,64,0,0.031999999999996476
84.094,65,1,0.03100000000000591
84.125,64,0,0.125
84.250,62,10,0.125
84.375,64,0,0.375
84.750,62,10,0.125
84.875,69,5,0.125
85.000,62,10,0.125
85.125,64,0,0.25
85.375,67,3,0.5
85.875,69,5,0.5
86.375,67,3,0.375
86.750,76,0,1.375
88.125,79,3,1.5
89.625,62,10,0.125
89.750,64,0,0.06199999999999761
89.812,62,10,0.06300000000000239
89.875,64,0,1.625
91.500,67,3,0.125
91.625,66,2,0.125
91.750,66,2,0.125
91.875,64,0,0.125
92.000,64,0,0.125
92.125,62,10,1.5
93.625,62,10,0.125
93.750,64,0,0.06199999999999761
93.812,62,10,0.06300000000000239
93.875,64,0,1.25
95.125,62,10,0.125
95.250,64,0,0.125
95.375,64,0,0.125
95.500,67,3,0.125
95.625,66,2,0.125
95.750,67,3,0.125
95.875,64,0,0.125
96.000,64,0,0.125
96.125,61,9,1.5
97.625,62,10,0.125
97.750,64,0,0.06199999999999761
97.812,62,10,0.06300000000000239
97.875,64,0,0.25
98.125,62,10,0.06300000000000239
98.188,59,7,0.06199999999999761
98.250,61,9,0.875
99.125,62,10,0.125
99.250,64,0,0.125
99.375,64,0,0.125
99.500,71,7,0.125
99.625,69,5,0.125
99.750,69,5,0.125
99.875,67,3,0.125
100.000,69,5,0.125
100.125,64,0,0.125
100.250,64,0,0.125
100.375,61,9,1.125
101.500,71,7,0.125
101.625,69,5,0.125
101.750,69,5,0.125
101.875,67,3,0.125
102.000,69,5,0.125
102.125,64,0,0.125
102.250,64,0,0.125
102.375,57,5,1.125
103.500,71,7,0.125
103.625,69,5,0.125
103.750,69,5,0.125
103.875,67,3,0.125
104.000,69,5,0.125
104.125,64,0,0.125
104.250,64,0,0.125
104.375,59,7,0.75
105.125,62,10,0.125
105.250,64,0,0.125
105.375,64,0,0.125
105.500,71,7,0.125
105.625,69,5,0.125
105.750,69,5,0.125
105.875,67,3,0.125
106.000,69,5,0.125
106.125,64,0,0.125
106.250,64,0,0.125
106.375,59,7,0.375
106.750,76,0,0.375
107.125,76,0,2.75
109.875,64,0,0.125
110.000,62,10,0.06199999999999761
