time,note,scale degree,length
7.875,53,0,0.125
8.000,60,7,0.125
8.125,60,7,0.375
8.500,60,7,0.875
9.375,58,5,0.25
9.625,58,5,0.25
9.875,58,5,0.25
10.125,57,4,0.06300000000000061
10.188,55,2,0.06199999999999939
10.250,53,0,1.5
11.750,57,4,0.125
11.875,60,7,0.125
12.000,60,7,0.125
12.125,60,7,0.125
12.250,60,7,0.125
12.375,60,7,0.25
12.625,60,7,0.25
12.875,60,7,0.125
13.000,60,7,0.25
13.250,60,7,0.125
13.375,60,7,0.25
13.625,58,5,0.25
13.875,58,5,0.125
14.000,58,5,0.125
14.125,58,5,0.25
14.375,57,4,0.125
14.500,55,2,0.125
14.625,53,0,1.0
15.625,58,5,0.375
16.000,58,5,0.125
16.125,58,5,0.125
16.250,58,5,0.125
16.375,58,5,0.125
16.500,57,4,0.125
16.625,57,4,0.125
16.750,57,4,0.125
16.875,57,4,0.125
17.000,57,4,0.125
17.125,55,2,0.125
17.250,55,2,0.375
17.625,57,4,0.25
17.875,57,4,0.125
18.000,57,4,0.125
18.125,57,4,0.125
18.250,57,4,0.125
18.375,57,4,0.25
18.625,60,7,0.25
18.875,60,7,0.125
19.000,58,5,0.125
19.125,58,5,0.5
19.625,60,7,0.125
19.750,60,7,0.125
19.875,60,7,0.125
20.000,60,7,0.125
20.125,58,5,0.125
20.250,58,5,0.125
20.375,58,5,0.25
20.625,58,5,0.25
20.875,58,5,0.25
21.125,57,4,0.25
21.375,57,4,0.25
21.625,57,4,0.25
21.875,57,4,0.25
22.125,57,4,0.125
22.250,57,4,0.125
22.375,55,2,0.25
22.625,55,2,0.125
22.750,55,2,0.875
23.625,60,7,0.375
24.000,60,7,0.125
24.125,60,7,0.125
24.250,60,7,0.125
24.375,60,7,0.375
24.750,60,7,0.125
24.875,58,5,0.125
25.000,58,5,0.125
25.125,58,5,0.375
25.500,58,5,0.125
25.625,57,4,0.125
25.750,57,4,0.125
25.875,57,4,0.25
26.125,57,4,0.06299999999999883
26.188,55,2,0.062000000000001165
26.250,53,0,1.375
27.625,57,4,0.125
27.750,60,7,0.125
27.875,60,7,0.375
28.250,60,7,0.125
28.375,60,7,0.125
28.500,60,7,0.125
28.625,60,7,0.125
28.750,60,7,0.25
29.000,60,7,0.125
29.125,60,7,0.125
29.250,60,7,0.125
29.375,60,7,0.25
29.625,60,7,0.25
29.875,62,9,0.625
30.500,60,7,0.25
30.750,60,7,0.125
30.875,58,5,0.625
31.500,65,0,0.125
31.625,65,0,0.125
31.750,65,0,0.125
31.875,65,0,0.125
32.000,65,0,0.25
32.250,58,5,0.125
32.375,58,5,0.25
32.625,58,5,0.125
32.750,58,5,0.125
32.875,57,4,0.125
33.000,57,4,0.125
33.125,55,2,0.5
33.625,57,4,0.125
33.750,57,4,0.125
33.875,57,4,0.125
34.000,57,4,0.125
34.125,57,4,0.125
34.250,57,4,0.125
34.375,58,5,0.25
34.625,58,5,0.125
34.750,60,7,0.25
35.000,60,7,0.25
35.250,58,5,1.125
36.375,62,9,0.5
36.875,60,7,0.125
37.000,60,7,0.125
37.125,60,7,0.375
37.500,58,5,0.125
37.625,57,4,0.25
37.875,53,0,0.125
38.000,52,11,1.625
39.625,53,0,0.125
39.750,53,0,0.125
39.875,53,0,0.375
40.250,53,0,0.125
40.375,53,0,0.125
40.500,57,4,0.125
40.625,57,4,0.125
40.750,60,7,0.25
41.000,62,9,0.125
41.125,60,7,0.125
41.250,57,4,0.125
41.375,60,7,0.5
41.875,53,0,0.125
42.000,53,0,0.125
42.125,53,0,0.125
42.250,53,0,0.125
42.375,53,0,0.125
42.500,57,4,0.125
42.625,57,4,0.25
42.875,60,7,0.25
43.125,60,7,0.25
43.375,58,5,0.125
43.500,58,5,0.125
43.625,57,4,0.125
43.750,55,2,0.625
44.375,57,4,0.25
44.625,60,7,0.125
44.750,60,7,0.125
44.875,60,7,0.125
45.000,57,4,0.125
45.125,60,7,0.125
45.250,60,7,0.125
45.375,60,7,0.125
45.500,62,9,0.125
45.625,62,9,0.125
45.750,62,9,0.125
45.875,62,9,0.125
46.000,60,7,0.125
46.125,60,7,0.125
46.250,60,7,0.125
46.375,60,7,0.125
46.500,58,5,0.125
46.625,58,5,0.125
46.750,58,5,0.125
46.875,57,4,0.125
47.000,55,2,0.625
47.625,65,0,0.125
47.750,65,0,0.125
47.875,65,0,0.25
48.125,65,0,0.25
48.375,60,7,0.125
48.500,60,7,0.25
48.750,60,7,0.125
48.875,60,7,0.125
49.000,57,4,0.125
49.125,62,9,0.5
49.625,53,0,0.25
49.875,53,0,0.06300000000000239
49.938,53,0,0.06199999999999761
50.000,53,0,0.125
50.125,53,0,0.125
50.250,53,0,0.125
50.375,53,0,0.125
50.500,57,4,0.125
50.625,57,4,0.125
50.750,60,7,0.125
50.875,58,5,0.125
51.000,58,5,0.125
51.125,58,5,0.25
51.375,53,0,0.125
51.500,53,0,0.125
51.625,53,0,0.125
51.750,55,2,0.375
52.125,57,4,0.125
52.250,60,7,0.125
52.375,60,7,0.25
52.625,60,7,0.125
52.750,60,7,0.125
52.875,60,7,0.125
53.000,57,4,0.125
53.125,60,7,0.25
53.375,62,9,0.375
53.750,62,9,0.25
54.000,62,9,0.125
54.125,62,9,0.25
54.375,62,9,0.125
54.500,62,9,0.25
54.750,64,11,0.25
55.000,64,11,0.375
55.375,64,11,0.25
55.625,65,0,0.25
55.875,65,0,0.25
56.125,65,0,0.25
56.375,65,0,0.125
56.500,65,0,0.125
56.625,65,0,0.25
56.875,65,0,0.25
57.125,65,0,0.25
57.375,65,0,0.125
57.500,65,0,0.25
57.750,62,9,0.25
58.000,62,9,0.125
58.125,60,7,0.25
58.375,60,7,1.25
59.625,65,0,0.25
59.875,65,0,0.125
60.000,65,0,0.25
60.250,65,0,0.125
60.375,65,0,0.125
60.500,65,0,0.125
60.625,65,0,0.125
60.750,65,0,0.25
61.000,64,11,0.125
61.125,64,11,0.25
61.375,60,7,0.125
61.500,60,7,0.25
61.750,62,9,0.25
62.000,62,9,0.5
62.500,60,7,0.5
63.000,58,5,0.625
63.625,65,0,0.125
63.750,65,0,0.25
64.000,65,0,0.125
64.125,65,0,0.25
64.375,65,0,0.25
64.625,65,0,0.125
64.750,65,0,0.125
64.875,64,11,0.125
65.000,64,11,0.125
65.125,60,7,0.625
65.750,60,7,0.125
65.875,60,7,0.25
66.125,60,7,0.125
66.250,60,7,0.125
66.375,60,7,0.25
66.625,60,7,0.25
66.875,65,0,0.25
67.125,65,0,1.0
68.125,62,9,0.25
68.375,62,9,0.25
68.625,62,9,0.25
68.875,62,9,0.25
69.125,60,7,0.125
69.250,57,4,0.125
69.375,58,5,0.125
69.500,58,5,0.125
69.625,57,4,0.25
69.875,57,4,0.125
70.000,55,2,0.125
70.125,55,2,0.125
70.250,55,2,1.75
72.000,53,0,0.375
72.375,57,4,0.25
72.625,60,7,0.25
72.875,62,9,0.25
73.125,60,7,0.25
73.375,60,7,0.5
73.875,53,0,0.125
74.000,53,0,0.125
74.125,53,0,0.125
74.250,53,0,0.125
74.375,53,0,0.125
74.500,57,4,0.25
74.750,60,7,0.125
74.875,58,5,0.25
75.125,58,5,0.25
75.375,53,0,0.125
75.500,53,0,0.125
75.625,53,0,0.125
75.750,55,2,0.5
76.250,53,0,0.125
76.375,57,4,0.25
76.625,60,7,0.25
76.875,62,9,0.25
77.125,60,7,0.25
77.375,60,7,0.125
77.500,60,7,0.375
77.875,62,9,0.25
78.125,60,7,0.25
78.375,60,7,0.125
78.500,60,7,0.375
78.875,57,4,0.25
79.125,60,7,0.25
79.375,60,7,0.125
79.500,60,7,0.625
80.125,65,0,0.125
80.250,65,0,0.125
80.375,65,0,0.25
80.625,64,11,0.125
80.750,62,9,0.125
80.875,62,9,0.125
81.000,62,9,0.125
81.125,62,9,0.125
81.250,62,9,0.125
81.375,62,9,0.125
81.500,62,9,0.375
81.875,65,0,0.125
82.000,65,0,0.125
82.125,65,0,0.25
82.375,65,0,0.125
82.500,65,0,0.125
82.625,64,11,0.25
82.875,62,9,0.25
83.125,62,9,0.25
83.375,60,7,0.125
83.500,60,7,0.125
83.625,60,7,0.125
83.750,62,9,0.5
84.250,53,0,0.125
84.375,57,4,0.25
84.625,60,7,0.25
84.875,62,9,0.25
85.125,60,7,0.25
85.375,60,7,0.125
85.500,60,7,0.25
85.750,62,9,0.25
86.000,62,9,0.06199999999999761
86.062,60,7,0.06300000000000239
86.125,58,5,0.5
86.625,64,11,0.25
86.875,64,11,0.125
87.000,62,9,0.06199999999999761
87.062,60,7,0.5630000000000024
87.625,64,11,0.25
87.875,65,0,0.25
88.125,65,0,0.625
88.750,62,9,0.06199999999999761
88.812,60,7,0.6880000000000024
89.500,65,0,0.125
89.625,65,0,0.25
89.875,65,0,0.25
90.125,65,0,0.25
90.375,65,0,0.125
90.500,62,9,0.25
90.750,62,9,0.125
90.875,62,9,0.125
91.000,62,9,0.25
91.250,60,7,0.125
91.375,57,4,0.125
91.500,60,7,0.125
91.625,60,7,0.25
91.875,62,9,1.75
93.625,65,0,0.125
93.750,65,0,0.25
94.000,65,0,0.25
94.250,65,0,0.25
94.500,65,0,0.25
94.750,60,7,0.125
94.875,62,9,0.125
95.000,62,9,0.125
95.125,62,9,0.125
95.250,62,9,0.125
95.375,62,9,0.375
95.750,62,9,0.25
96.000,62,9,0.625
96.625,64,11,0.125
96.750,62,9,0.125
96.875,60,7,0.125
97.000,60,7,0.625
97.625,57,4,0.125
97.750,57,4,0.125
97.875,58,5,0.25
98.125,58,5,0.25
98.375,58,5,0.125
98.500,58,5,0.25
98.750,62,9,0.25
99.000,60,7,0.625
99.625,58,5,0.125
99.750,60,7,0.25
100.000,60,7,0.125
100.125,60,7,0.125
100.250,60,7,0.125
100.375,60,7,0.125
100.500,60,7,0.25
100.750,62,9,0.25
101.000,62,9,0.06199999999999761
101.062,60,7,0.06300000000000239
101.125,57,4,0.625
101.750,62,9,0.125
101.875,62,9,0.25
102.125,62,9,0.125
102.250,62,9,0.125
102.375,62,9,0.125
102.500,62,9,0.125
102.625,62,9,0.125
102.750,62,9,0.125
102.875,62,9,0.125
103.000,62,9,0.125
103.125,62,9,0.25
103.375,64,11,0.125
103.500,62,9,0.375
103.875,67,2,0.125
104.000,67,2,0.125
104.125,67,2,0.125
104.250,65,0,0.125
104.375,67,2,0.25
104.625,67,2,0.125
104.750,65,0,0.125
104.875,69,4,0.125
105.000,67,2,0.06199999999999761
105.062,67,2,0.06300000000000239
105.125,67,2,0.125
105.250,65,0,0.125
105.375,69,4,0.25
105.625,67,2,0.125
105.750,67,2,0.125
105.875,67,2,0.25
106.125,67,2,0.25
106.375,65,0,0.125
106.500,65,0,0.125
106.625,65,0,0.25
106.875,65,0,0.125
107.000,65,0,0.25
107.250,65,0,0.125
107.375,65,0,0.375
107.750,62,9,0.125
107.875,62,9,0.125
108.000,60,7,0.125
108.125,60,7,1.25
109.375,65,0,0.125
109.500,65,0,0.125
109.625,65,0,0.25
109.875,65,0,0.25
110.125,65,0,0.125
110.250,65,0,0.25
110.500,65,0,0.25
110.750,65,0,0.125
110.875,65,0,0.125
111.000,65,0,0.125
111.125,64,11,0.125
111.250,64,11,0.125
111.375,64,11,0.375
111.750,62,9,0.125
111.875,62,9,0.375
112.250,62,9,0.25
112.500,60,7,0.25
112.750,60,7,0.125
112.875,58,5,0.75
113.625,65,0,0.25
113.875,65,0,0.25
114.125,65,0,0.125
114.250,65,0,0.125
114.375,65,0,0.125
114.500,65,0,0.125
114.625,65,0,0.125
114.750,65,0,0.125
114.875,65,0,0.5
115.375,60,7,0.125
115.500,60,7,0.125
115.625,60,7,0.125
115.750,60,7,0.125
115.875,60,7,0.125
116.000,60,7,0.125
116.125,60,7,0.25
116.375,60,7,0.125
116.500,60,7,0.125
116.625,60,7,0.25
116.875,65,0,0.25
117.125,65,0,0.5
117.625,65,0,0.125
117.750,65,0,0.125
117.875,65,0,0.125
118.000,65,0,0.125
118.125,64,11,0.125
118.250,64,11,0.125
118.375,64,11,0.125
118.500,62,9,0.125
118.625,62,9,0.125
118.750,62,9,0.25
119.000,62,9,0.125
119.125,64,11,0.06300000000000239
119.188,62,9,0.06199999999999761
119.250,60,7,0.375
119.625,62,9,0.125
119.750,65,0,0.125
119.875,65,0,0.125
120.000,65,0,0.125
120.125,65,0,0.25
120.375,65,0,0.125
120.500,64,11,0.125
120.625,64,11,0.25
120.875,64,11,0.25
121.125,62,9,0.625
121.750,60,7,0.125
121.875,62,9,0.125
122.000,62,9,0.125
122.125,62,9,0.25
122.375,62,9,0.125
122.500,62,9,0.375
122.875,62,9,0.375
123.250,60,7,0.375
123.625,57,4,0.25
123.875,55,2,0.125
124.000,55,2,0.125
124.125,53,0,1.125
125.250,58,5,0.125
125.375,58,5,0.25
125.625,57,4,0.125
125.750,57,4,0.25
126.000,57,4,0.125
126.125,55,2,1.5
127.625,65,0,0.125
127.750,65,0,0.125
127.875,65,0,0.25
128.125,65,0,0.06299999999998818
128.188,65,0,0.06200000000001182
128.250,62,9,0.125
128.375,62,9,0.5
128.875,62,9,0.125
129.000,69,4,0.125
129.125,67,2,0.125
129.250,67,2,0.125
129.375,67,2,0.125
129.500,67,2,0.25
129.750,67,2,0.25
130.000,67,2,0.875
130.875,69,4,0.06299999999998818
130.938,67,2,0.06200000000001182
