time,note,scale degree,length
16.000,57,0,0.125
16.125,57,0,0.125
16.250,57,0,0.125
16.375,57,0,0.375
16.750,59,2,0.125
16.875,57,0,0.125
17.000,55,10,0.875
17.875,55,10,0.125
18.000,55,10,0.125
18.125,55,10,0.125
18.250,55,10,0.125
18.375,55,10,0.125
18.500,55,10,0.375
18.875,55,10,0.06299999999999883
18.938,55,10,0.062000000000001165
19.000,57,0,0.875
19.875,55,10,0.125
20.000,57,0,0.125
20.125,57,0,0.125
20.250,57,0,0.125
20.375,57,0,0.375
20.750,59,2,0.125
20.875,57,0,0.125
21.000,55,10,0.125
21.125,55,10,0.875
22.000,55,10,0.125
22.125,55,10,0.125
22.250,52,7,0.125
22.375,55,10,0.25
22.625,52,7,0.375
23.000,56,11,0.25
23.250,52,7,0.125
23.375,56,11,0.25
23.625,57,0,0.25
23.875,57,0,0.125
24.000,57,0,0.125
24.125,57,0,0.125
24.250,57,0,0.125
24.375,57,0,0.375
24.750,59,2,0.125
24.875,57,0,0.25
25.125,55,10,0.75
25.875,52,7,0.125
26.000,55,10,0.125
26.125,55,10,0.125
26.250,52,7,0.125
26.375,55,10,0.25
26.625,55,10,0.125
26.750,52,7,0.125
26.875,56,11,0.125
27.000,52,7,1.0
28.000,57,0,0.25
28.250,57,0,0.125
28.375,57,0,0.375
28.750,59,2,0.25
29.000,57,0,0.125
29.125,55,10,0.125
29.250,55,10,0.125
29.375,57,0,0.25
29.625,59,2,0.5
30.125,56,11,0.125
30.250,56,11,0.125
30.375,56,11,0.125
30.500,56,11,0.375
30.875,56,11,0.125
31.000,56,11,0.125
31.125,56,11,0.125
31.250,56,11,0.25
31.500,57,0,0.125
31.625,59,2,0.375
32.000,57,0,0.125
32.125,57,0,0.125
32.250,57,0,0.125
32.375,57,0,0.25
32.625,57,0,0.125
32.750,59,2,0.125
32.875,57,0,0.25
33.125,55,10,0.75
33.875,55,10,0.125
34.000,55,10,0.125
34.125,55,10,0.125
34.250,55,10,0.125
34.375,55,10,0.25
34.625,55,10,0.125
34.750,55,10,0.125
34.875,57,0,0.125
35.000,57,0,1.0
36.000,57,0,0.125
36.125,57,0,0.125
36.250,57,0,0.125
36.375,57,0,0.25
36.625,57,0,0.125
36.750,59,2,0.125
36.875,57,0,0.25
37.125,55,10,0.875
38.000,55,10,0.125
38.125,55,10,0.125
38.250,55,10,0.125
38.375,55,10,0.25
38.625,55,10,0.25
38.875,55,10,0.125
39.000,56,11,0.25
39.250,52,7,0.25
39.500,56,11,0.25
39.750,57,0,0.25
40.000,57,0,0.125
40.125,57,0,0.125
40.250,57,0,0.125
40.375,57,0,0.25
40.625,57,0,0.125
40.750,57,0,0.06199999999999761
40.812,59,2,0.06300000000000239
40.875,57,0,0.25
41.125,55,10,0.875
42.000,55,10,0.125
42.125,55,10,0.125
42.250,55,10,0.125
42.375,55,10,0.25
42.625,55,10,0.125
42.750,57,0,0.125
42.875,57,0,0.25
43.125,52,7,0.875
44.000,57,0,0.125
44.125,57,0,0.125
44.250,57,0,0.125
44.375,57,0,0.25
44.625,57,0,0.125
44.750,59,2,0.125
44.875,57,0,0.125
45.000,55,10,1.0
46.000,55,10,0.125
46.125,55,10,0.125
46.250,55,10,0.125
46.375,55,10,0.125
46.500,55,10,0.25
46.750,55,10,0.375
47.125,52,7,0.25
47.375,55,10,0.375
47.750,57,0,3.0
50.750,81,0,0.75
51.500,75,6,0.06199999999999761
51.562,74,5,0.12600000000000477
51.688,72,3,0.06199999999999761
51.750,69,0,0.1880000000000024
51.938,69,0,1.5619999999999976
53.500,74,5,0.5
54.000,72,3,0.375
54.375,71,2,1.625
56.000,57,0,0.125
56.125,57,0,0.125
56.250,57,0,0.125
56.375,57,0,0.375
56.750,59,2,0.125
56.875,57,0,0.125
57.000,55,10,1.0
58.000,55,10,0.125
58.125,55,10,0.125
58.250,55,10,0.125
58.375,55,10,0.25
58.625,55,10,0.125
58.750,57,0,0.25
59.000,57,0,0.1880000000000024
59.188,55,10,0.06199999999999761
59.250,52,7,0.75
60.000,57,0,0.125
60.125,57,0,0.125
60.250,57,0,0.125
60.375,57,0,0.375
60.750,59,2,0.125
60.875,57,0,0.06300000000000239
60.938,59,2,0.06199999999999761
61.000,57,0,0.25
61.250,55,10,0.25
61.500,57,0,0.25
61.750,59,2,0.375
62.125,55,10,0.125
62.250,55,10,0.125
62.375,55,10,0.125
62.500,56,11,0.25
62.750,52,7,0.25
63.000,56,11,0.25
63.250,56,11,0.125
63.375,57,0,0.25
63.625,59,2,0.25
63.875,57,0,0.125
64.000,57,0,0.125
64.125,57,0,0.125
64.250,57,0,0.125
64.375,57,0,0.25
64.625,57,0,0.125
64.750,59,2,0.125
64.875,57,0,0.25
65.125,55,10,0.75
65.875,55,10,0.125
66.000,55,10,0.125
66.125,55,10,0.125
66.250,55,10,0.125
66.375,55,10,0.25
66.625,55,10,0.125
66.750,57,0,0.125
66.875,57,0,1.125
68.000,57,0,0.125
68.125,57,0,0.125
68.250,57,0,0.125
68.375,57,0,0.25
68.625,57,0,0.125
68.750,59,2,0.125
68.875,57,0,0.25
69.125,55,10,0.875
70.000,55,10,0.125
70.125,55,10,0.125
70.250,55,10,0.125
70.375,55,10,0.25
70.625,55,10,0.25
70.875,55,10,0.125
71.000,56,11,0.25
71.250,52,7,0.25
71.500,56,11,0.25
71.750,57,0,0.25
72.000,57,0,0.125
72.125,57,0,0.125
72.250,57,0,0.125
72.375,57,0,0.25
72.625,57,0,0.1869999999999976
72.812,57,0,0.1880000000000024
73.000,57,0,0.1880000000000024
73.188,55,10,0.8119999999999976
74.000,55,10,0.125
74.125,55,10,0.125
74.250,55,10,0.125
74.375,55,10,0.25
74.625,55,10,0.125
74.750,57,0,0.125
74.875,57,0,1.125
76.000,57,0,0.125
76.125,57,0,0.125
76.250,57,0,0.125
76.375,57,0,0.25
76.625,57,0,0.125
76.750,59,2,0.125
76.875,57,0,0.125
77.000,55,10,1.0
78.000,55,10,0.125
78.125,55,10,0.125
78.250,55,10,0.125
78.375,55,10,0.125
78.500,55,10,0.25
78.750,55,10,0.375
79.125,52,7,0.25
79.375,55,10,0.375
79.750,57,0,1.875
81.625,81,0,1.0630000000000024
82.688,74,5,0.06199999999999761
82.750,76,7,0.06199999999999761
82.812,74,5,0.12600000000000477
82.938,72,3,0.06199999999999761
83.000,74,5,0.125
83.125,76,7,0.06300000000000239
83.188,74,5,0.06199999999999761
83.250,74,5,0.125
83.375,72,3,0.06300000000000239
83.438,69,0,0.06199999999999761
83.500,72,3,0.125
83.625,69,0,0.06300000000000239
83.688,67,10,0.06199999999999761
83.750,72,3,0.06199999999999761
83.812,69,0,0.6880000000000024
84.500,67,10,0.06199999999999761
84.562,64,7,0.8130000000000024
85.375,57,0,0.125
85.500,60,3,0.125
85.625,62,5,0.125
85.750,62,5,0.125
85.875,62,5,2.125
88.000,57,0,0.125
88.125,57,0,0.125
88.250,57,0,0.125
88.375,57,0,0.25
88.625,57,0,0.125
88.750,59,2,0.125
88.875,57,0,0.25
89.125,55,10,0.75
89.875,55,10,0.125
90.000,55,10,0.125
90.125,55,10,0.125
90.250,55,10,0.125
90.375,55,10,0.25
90.625,55,10,0.125
90.750,55,10,0.125
90.875,57,0,0.125
91.000,57,0,1.0
92.000,57,0,0.125
92.125,57,0,0.125
92.250,57,0,0.125
92.375,57,0,0.25
92.625,57,0,0.125
92.750,59,2,0.125
92.875,57,0,0.25
93.125,55,10,0.875
94.000,55,10,0.125
94.125,55,10,0.125
94.250,55,10,0.125
94.375,55,10,0.25
94.625,55,10,0.25
94.875,55,10,0.125
95.000,56,11,0.25
95.250,52,7,0.25
95.500,56,11,0.25
95.750,57,0,0.25
96.000,57,0,0.125
96.125,57,0,0.125
96.250,57,0,0.125
96.375,57,0,0.25
96.625,57,0,0.125
96.750,57,0,0.06199999999999761
96.812,59,2,0.06300000000000239
96.875,57,0,0.25
97.125,55,10,0.875
98.000,55,10,0.125
98.125,55,10,0.125
98.250,55,10,0.125
98.375,55,10,0.25
98.625,55,10,0.125
98.750,57,0,0.125
98.875,57,0,0.25
99.125,52,7,0.875
100.000,57,0,0.125
100.125,57,0,0.125
100.250,57,0,0.125
100.375,57,0,0.25
100.625,57,0,0.125
100.750,59,2,0.125
100.875,57,0,0.125
101.000,55,10,1.0
102.000,55,10,0.125
102.125,55,10,0.125
102.250,55,10,0.125
102.375,55,10,0.125
102.500,55,10,0.25
102.750,55,10,0.375
103.125,52,7,0.25
103.375,55,10,0.375
103.750,57,0,1.5
105.250,60,3,0.125
105.375,62,5,0.25
105.625,62,5,0.25
105.875,60,3,0.5
106.375,59,2,2.375
108.750,60,3,0.125
108.875,62,5,0.25
109.125,62,5,0.25
109.375,60,3,5.75
115.125,72,3,0.125
115.250,71,2,0.125
115.375,71,2,0.125
115.500,69,0,0.125
115.625,69,0,0.125
115.750,67,10,0.125
115.875,69,0,0.1869999999999976
116.062,67,10,0.06300000000000239
116.125,65,8,1.0
117.125,72,3,0.125
117.250,71,2,0.125
117.375,71,2,0.125
117.500,69,0,0.125
117.625,69,0,0.25
117.875,69,0,0.1869999999999976
118.062,67,10,0.06300000000000239
118.125,64,7,1.0
119.125,72,3,0.125
119.250,71,2,0.125
119.375,71,2,0.125
119.500,69,0,0.125
119.625,69,0,0.25
119.875,69,0,0.1869999999999976
120.062,67,10,0.06300000000000239
120.125,64,7,1.0
121.125,72,3,0.125
121.250,71,2,0.125
121.375,71,2,0.125
121.500,69,0,0.125
121.625,69,0,0.25
121.875,69,0,0.25
122.125,72,3,0.125
122.250,71,2,0.125
122.375,71,2,0.125
122.500,69,0,0.125
122.625,69,0,0.25
122.875,69,0,0.25
123.125,72,3,0.125
123.250,71,2,0.125
123.375,71,2,0.125
123.500,69,0,0.125
123.625,69,0,0.25
123.875,69,0,0.1869999999999976
124.062,67,10,0.06300000000000239
124.125,64,7,1.125
125.250,60,3,0.125
125.375,62,5,0.375
125.750,60,3,1.5
127.250,60,3,0.125
127.375,62,5,0.625
128.000,60,3,0.25
128.250,60,3,1.0
129.250,60,3,0.125
129.375,62,5,0.25
129.625,60,3,0.125
129.750,60,3,22.625
152.375,69,0,1.0
153.375,72,3,1.0
154.375,74,5,0.625
155.000,76,7,0.125
155.125,77,8,0.125
155.250,76,7,0.25
155.500,72,3,0.25
155.750,74,5,4.25
160.000,69,0,1.0
161.000,72,3,1.0
162.000,74,5,1.0
163.000,77,8,1.0
164.000,79,10,0.75
164.750,76,7,0.25
165.000,72,3,0.75
165.750,79,10,0.5
166.250,76,7,0.25
166.500,72,3,0.5
167.000,71,2,0.125
167.125,67,10,0.06299999999998818
167.188,64,7,0.06200000000001182
167.250,67,10,0.125
167.375,64,7,0.06299999999998818
167.438,62,5,0.06200000000001182
167.500,64,7,0.125
167.625,62,5,0.06299999999998818
167.688,60,3,0.06200000000001182
167.750,62,5,0.125
167.875,60,3,0.06299999999998818
167.938,57,0,0.06200000000001182
168.000,57,0,1.375
169.375,57,0,0.125
169.500,62,5,0.5
170.000,62,5,0.875
170.875,57,0,0.25
171.125,57,0,0.5
171.625,60,3,0.25
171.875,57,0,0.18700000000001182
172.062,55,10,0.06299999999998818
172.125,52,7,2.75
174.875,55,10,0.125
175.000,57,0,0.125
175.125,57,0,0.5
175.625,60,3,0.25
175.875,57,0,0.18700000000001182
176.062,55,10,0.06299999999998818
176.125,52,7,1.5
177.625,60,3,0.25
177.875,57,0,0.25
178.125,67,10,0.25
178.375,60,3,0.125
178.500,57,0,0.125
178.625,57,0,0.18700000000001182
178.812,57,0,0.18799999999998818
179.000,69,0,0.125
179.125,57,0,0.18700000000001182
179.312,57,0,0.18799999999998818
179.500,69,0,0.125
179.625,60,3,0.125
179.750,57,0,0.25
180.000,57,0,0.125
180.125,55,10,0.125
