time,note,scale degree,length
4.250,55,4,0.125
4.375,53,2,0.125
4.500,55,4,0.125
4.625,53,2,0.125
4.750,55,4,0.25
5.000,55,4,0.06200000000000028
5.062,55,4,1.1879999999999997
6.250,53,2,0.125
6.375,53,2,0.25
6.625,58,7,0.125
6.750,53,2,0.25
7.000,55,4,0.375
7.375,56,5,0.06299999999999972
7.438,55,4,0.06200000000000028
7.500,53,2,0.875
8.375,48,9,0.125
8.500,51,0,0.125
8.625,51,0,0.125
8.750,50,11,0.125
8.875,51,0,0.5
9.375,50,11,0.25
9.625,51,0,0.625
10.250,51,0,0.125
10.375,55,4,0.25
10.625,51,0,0.25
10.875,54,3,0.125
11.000,53,2,0.125
11.125,51,0,0.25
11.375,48,9,0.25
11.625,51,0,0.75
12.375,51,0,0.25
12.625,51,0,0.125
12.750,51,0,0.25
13.000,55,4,0.06199999999999939
13.062,53,2,0.3130000000000006
13.375,51,0,0.25
13.625,51,0,0.125
13.750,53,2,0.5
14.250,55,4,0.125
14.375,58,7,0.25
14.625,60,9,0.375
15.000,53,2,0.1880000000000006
15.188,51,0,0.06199999999999939
15.250,48,9,1.0
16.250,51,0,0.125
16.375,51,0,0.25
16.625,55,4,0.125
16.750,58,7,0.25
17.000,60,9,0.375
17.375,55,4,0.06299999999999883
17.438,53,2,0.062000000000001165
17.500,51,0,0.125
17.625,53,2,0.625
18.250,48,9,0.125
18.375,51,0,0.25
18.625,51,0,0.375
19.000,51,0,0.125
19.125,53,2,2.25
21.375,46,7,0.125
21.500,55,4,0.125
21.625,55,4,0.125
21.750,53,2,0.125
21.875,55,4,0.25
22.125,55,4,1.25
23.375,53,2,0.125
23.500,53,2,0.062000000000001165
23.562,58,7,0.06299999999999883
23.625,53,2,0.5
24.125,55,4,0.75
24.875,51,0,0.06299999999999883
24.938,50,11,0.062000000000001165
25.000,51,0,0.625
25.625,51,0,0.125
25.750,51,0,0.25
26.000,51,0,0.125
26.125,51,0,0.25
26.375,51,0,0.25
26.625,51,0,0.875
27.500,51,0,0.125
27.625,55,4,0.125
27.750,51,0,0.125
27.875,55,4,0.125
28.000,53,2,0.125
28.125,51,0,0.25
28.375,48,9,0.25
28.625,51,0,0.875
29.500,51,0,0.062000000000001165
29.562,51,0,0.18799999999999883
29.750,51,0,0.125
29.875,55,4,0.25
30.125,53,2,0.25
30.375,51,0,0.25
30.625,51,0,0.125
30.750,53,2,0.125
30.875,55,4,0.5
31.375,59,8,0.25
31.625,60,9,0.25
31.875,53,2,0.25
32.125,51,0,0.125
32.250,48,9,1.0
33.250,51,0,0.125
33.375,51,0,0.25
33.625,55,4,0.125
33.750,58,7,0.25
34.000,60,9,0.375
34.375,54,3,0.06300000000000239
34.438,53,2,0.06199999999999761
34.500,51,0,0.125
34.625,53,2,0.625
35.250,48,9,0.125
35.375,51,0,0.25
35.625,51,0,0.125
35.750,51,0,2.5
38.250,55,4,0.125
38.375,58,7,0.25
38.625,55,4,0.125
38.750,58,7,0.25
39.000,60,9,0.25
39.250,58,7,0.125
39.375,54,3,0.06300000000000239
39.438,53,2,0.06199999999999761
39.500,51,0,0.125
39.625,51,0,0.75
40.375,48,9,0.25
40.625,51,0,0.125
40.750,48,9,0.125
40.875,54,3,0.1869999999999976
41.062,53,2,0.06300000000000239
41.125,51,0,1.125
42.250,55,4,0.125
42.375,58,7,0.25
42.625,58,7,0.25
42.875,60,9,0.25
43.125,58,7,0.25
43.375,55,4,0.125
43.500,53,2,0.125
43.625,51,0,0.125
43.750,53,2,0.125
43.875,55,4,0.06300000000000239
43.938,53,2,0.06199999999999761
44.000,51,0,0.5
44.500,48,9,0.125
44.625,51,0,0.125
44.750,48,9,0.125
44.875,55,4,0.1869999999999976
45.062,53,2,0.06300000000000239
45.125,51,0,1.0
46.125,55,4,0.125
46.250,60,9,0.125
46.375,58,7,0.125
46.500,60,9,0.125
46.625,63,0,0.5
47.125,58,7,0.125
47.250,60,9,0.125
47.375,58,7,0.125
47.500,60,9,0.125
47.625,63,0,0.5
48.125,60,9,0.125
48.250,58,7,0.125
48.375,60,9,0.25
48.625,63,0,0.125
48.750,58,7,0.25
49.000,60,9,1.75
50.750,60,9,0.25
51.000,58,7,0.375
51.375,55,4,0.25
51.625,51,0,0.375
52.000,53,2,0.375
52.375,48,9,0.5
52.875,48,9,0.125
53.000,53,2,0.375
53.375,51,0,0.25
53.625,51,0,0.125
53.750,53,2,6.625
60.375,55,4,0.125
60.500,55,4,0.125
60.625,55,4,0.25
60.875,53,2,0.125
61.000,55,4,1.375
62.375,53,2,0.125
62.500,53,2,0.125
62.625,58,7,0.25
62.875,53,2,0.125
63.000,55,4,0.375
63.375,56,5,0.06300000000000239
63.438,55,4,0.06199999999999761
63.500,53,2,0.25
63.750,51,0,0.06199999999999761
63.812,50,11,0.12600000000000477
63.938,51,0,0.8119999999999976
64.750,51,0,0.125
64.875,50,11,0.125
65.000,51,0,0.125
65.125,53,2,0.25
65.375,51,0,0.25
65.625,51,0,0.125
65.750,51,0,0.125
65.875,51,0,0.125
66.000,51,0,0.625
66.625,51,0,0.25
66.875,55,4,0.1869999999999976
67.062,53,2,0.06300000000000239
67.125,51,0,1.0
68.125,51,0,0.125
68.250,51,0,0.125
68.375,51,0,0.25
68.625,51,0,0.25
68.875,55,4,0.25
69.125,55,4,0.25
69.375,56,5,0.06300000000000239
69.438,55,4,0.06199999999999761
69.500,53,2,0.625
70.125,55,4,0.125
70.250,55,4,0.125
70.375,59,8,0.25
70.625,60,9,0.25
70.875,53,2,0.25
71.125,51,0,0.125
71.250,48,9,0.875
72.125,51,0,0.125
72.250,51,0,0.125
72.375,51,0,0.125
72.500,55,4,0.125
72.625,58,7,0.25
72.875,60,9,0.5
73.375,55,4,0.06300000000000239
73.438,53,2,0.06199999999999761
73.500,51,0,0.06199999999999761
73.562,53,2,0.9380000000000024
74.500,48,9,0.125
74.625,51,0,0.25
74.875,51,0,0.125
75.000,53,2,0.125
75.125,53,2,2.125
77.250,55,4,0.06199999999999761
77.312,55,4,0.1880000000000024
77.500,55,4,0.125
77.625,55,4,0.25
77.875,55,4,0.125
78.000,55,4,0.125
78.125,55,4,1.25
79.375,53,2,0.125
79.500,53,2,0.125
79.625,58,7,0.25
79.875,60,9,0.25
80.125,55,4,0.25
80.375,56,5,0.06300000000000239
80.438,55,4,0.06199999999999761
80.500,53,2,0.875
81.375,51,0,0.125
81.500,51,0,0.125
81.625,51,0,0.25
81.875,51,0,0.125
82.000,51,0,0.125
82.125,51,0,0.5
82.625,51,0,0.125
82.750,51,0,0.125
82.875,51,0,0.75
83.625,55,4,0.125
83.750,51,0,0.125
83.875,53,2,0.125
84.000,55,4,0.06199999999999761
84.062,53,2,0.06300000000000239
84.125,51,0,1.0
85.125,51,0,0.06300000000000239
85.188,51,0,0.06199999999999761
85.250,51,0,0.375
85.625,51,0,0.125
85.750,51,0,0.06199999999999761
85.812,51,0,0.8130000000000024
86.625,55,4,0.06300000000000239
86.688,58,7,0.12399999999999523
86.812,55,4,0.06300000000000239
86.875,58,7,0.1869999999999976
87.062,55,4,0.3130000000000024
87.375,56,5,0.06300000000000239
87.438,55,4,0.06199999999999761
87.500,53,2,2.0
89.500,51,0,0.125
89.625,55,4,0.125
89.750,58,7,0.125
89.875,60,9,0.25
90.125,58,7,0.25
90.375,55,4,0.06300000000000239
90.438,53,2,0.06199999999999761
90.500,51,0,0.125
90.625,53,2,0.25
90.875,55,4,0.06300000000000239
90.938,53,2,0.06199999999999761
91.000,51,0,0.375
91.375,48,9,0.125
91.500,54,3,0.125
91.625,48,9,0.125
91.750,51,0,2.5
94.250,55,4,0.125
94.375,58,7,0.125
94.500,55,4,0.125
94.625,58,7,0.25
94.875,58,7,0.125
95.000,60,9,0.25
95.250,58,7,0.125
95.375,54,3,0.06300000000000239
95.438,53,2,0.06199999999999761
95.500,51,0,0.125
95.625,53,2,0.75
96.375,48,9,0.25
96.625,51,0,0.125
96.750,48,9,0.125
96.875,54,3,0.1869999999999976
97.062,53,2,0.06300000000000239
97.125,51,0,1.125
98.250,55,4,0.125
98.375,58,7,0.25
98.625,58,7,0.25
98.875,60,9,0.25
99.125,58,7,0.25
99.375,55,4,0.125
99.500,53,2,0.125
99.625,51,0,0.125
99.750,53,2,0.125
99.875,55,4,0.06300000000000239
99.938,53,2,0.06199999999999761
100.000,51,0,0.5
100.500,48,9,0.125
100.625,51,0,0.125
100.750,48,9,0.125
100.875,55,4,0.1869999999999976
101.062,53,2,0.06300000000000239
101.125,51,0,1.0
102.125,55,4,0.125
102.250,60,9,0.125
102.375,58,7,0.125
102.500,60,9,0.125
102.625,63,0,0.5
103.125,58,7,0.125
103.250,60,9,0.125
103.375,58,7,0.125
103.500,60,9,0.125
103.625,63,0,0.5
104.125,60,9,0.125
104.250,58,7,0.125
104.375,60,9,0.25
104.625,63,0,0.125
104.750,58,7,0.25
105.000,60,9,1.75
106.750,60,9,0.25
107.000,58,7,0.375
107.375,55,4,0.375
107.750,53,2,0.125
107.875,51,0,0.125
108.000,53,2,0.375
108.375,48,9,0.5
108.875,48,9,0.125
109.000,54,3,0.125
109.125,53,2,0.25
109.375,51,0,0.25
109.625,51,0,0.125
109.750,53,2,2.375
112.125,55,4,0.125
112.250,60,9,0.125
112.375,58,7,0.125
112.500,60,9,0.125
112.625,63,0,0.5
113.125,60,9,0.125
113.250,66,3,0.125
113.375,65,2,0.125
113.500,63,0,0.125
113.625,65,2,0.25
113.875,60,9,0.25
114.125,60,9,0.125
114.250,58,7,0.125
114.375,60,9,0.25
114.625,63,0,0.125
114.750,58,7,0.25
115.000,60,9,1.625
116.625,60,9,0.375
117.000,58,7,0.375
117.375,55,4,0.25
117.625,53,2,0.125
117.750,51,0,0.25
118.000,53,2,0.375
118.375,48,9,0.5
118.875,48,9,0.125
119.000,54,3,0.125
119.125,53,2,0.25
119.375,51,0,0.25
119.625,51,0,0.125
