time,note,scale degree,length
0.625,44,7,0.125
0.750,49,0,0.125
0.875,54,5,0.125
1.000,53,4,0.125
1.125,49,0,0.25
1.375,47,10,0.375
1.750,49,0,0.125
1.875,54,5,0.125
2.000,53,4,0.25
2.250,49,0,0.125
2.375,49,0,0.125
2.500,47,10,0.375
2.875,54,5,0.125
3.000,56,7,0.125
3.125,51,2,0.06300000000000017
3.188,53,4,1.4369999999999998
4.625,44,7,0.125
4.750,49,0,0.125
4.875,56,7,0.25
5.125,54,5,0.125
5.250,53,4,0.125
5.375,51,2,0.375
5.750,44,7,0.125
5.875,56,7,0.25
6.125,54,5,0.125
6.250,53,4,0.125
6.375,53,4,0.125
6.500,51,2,0.125
6.625,49,0,0.25
6.875,49,0,0.125
7.000,53,4,0.125
7.125,53,4,0.06299999999999972
7.188,51,2,0.06200000000000028
7.250,49,0,1.375
8.625,56,7,0.125
8.750,58,9,0.125
8.875,60,11,0.125
9.000,61,0,0.25
9.250,60,11,0.125
9.375,61,0,0.125
9.500,60,11,0.125
9.625,56,7,1.25
10.875,56,7,0.125
11.000,65,4,0.1880000000000006
11.188,63,2,0.8119999999999994
12.000,65,4,0.1880000000000006
12.188,63,2,0.1869999999999994
12.375,61,0,0.125
12.500,65,4,0.125
12.625,63,2,0.125
12.750,65,4,0.06199999999999939
12.812,63,2,0.06300000000000061
12.875,61,0,0.375
13.250,61,0,0.125
13.375,61,0,0.375
13.750,61,0,0.125
13.875,61,0,0.125
14.000,63,2,0.25
14.250,58,9,0.125
14.375,61,0,0.125
14.500,63,2,0.125
14.625,58,9,0.125
14.750,58,9,0.75
15.500,60,11,0.125
15.625,58,9,0.125
15.750,60,11,0.125
15.875,60,11,0.125
16.000,61,0,0.25
16.250,56,7,0.125
16.375,60,11,0.125
16.500,61,0,0.125
16.625,56,7,0.125
16.750,56,7,0.062000000000001165
16.812,54,5,0.06299999999999883
16.875,53,4,0.625
17.500,61,0,0.1670000000000016
17.667,60,11,0.16599999999999682
17.833,61,0,0.1670000000000016
18.000,66,5,0.25
18.250,65,4,0.125
18.375,63,2,0.25
18.625,61,0,0.125
18.750,63,2,0.125
18.875,61,0,0.125
19.000,59,10,0.375
19.375,58,9,0.125
19.500,58,9,0.375
19.875,56,7,0.125
20.000,56,7,0.5
20.500,54,5,0.125
20.625,56,7,0.125
20.750,54,5,0.125
20.875,51,2,0.125
21.000,53,4,1.625
22.625,44,7,0.125
22.750,49,0,0.125
22.875,54,5,0.125
23.000,53,4,0.25
23.250,49,0,0.125
23.375,47,10,0.25
23.625,49,0,0.18700000000000117
23.812,54,5,0.18799999999999883
24.000,53,4,0.25
24.250,49,0,0.062000000000001165
24.312,49,0,0.06299999999999883
24.375,47,10,0.5
24.875,54,5,0.125
25.000,56,7,0.125
25.125,56,7,0.18700000000000117
25.312,54,5,0.06299999999999883
25.375,53,4,1.25
26.625,44,7,0.125
26.750,49,0,0.125
26.875,56,7,0.25
27.125,54,5,0.125
27.250,53,4,0.125
27.375,51,2,0.375
27.750,44,7,0.125
27.875,56,7,0.125
28.000,54,5,0.25
28.250,53,4,0.062000000000001165
28.312,53,4,0.12599999999999767
28.438,51,2,0.062000000000001165
28.500,49,0,0.375
28.875,49,0,0.125
29.000,53,4,0.18799999999999883
29.188,53,4,0.12400000000000233
29.312,51,2,0.06299999999999883
29.375,49,0,1.25
30.625,56,7,0.125
30.750,58,9,0.125
30.875,60,11,0.125
31.000,61,0,0.25
31.250,60,11,0.125
31.375,61,0,0.125
31.500,60,11,0.125
31.625,56,7,1.25
32.875,56,7,0.125
33.000,65,4,0.1880000000000024
33.188,63,2,0.5619999999999976
33.750,56,7,0.125
33.875,61,0,0.125
34.000,65,4,0.1880000000000024
34.188,63,2,0.1869999999999976
34.375,61,0,0.125
34.500,65,4,0.1880000000000024
34.688,66,5,0.06199999999999761
34.750,65,4,0.125
34.875,63,2,0.375
35.250,61,0,0.125
35.375,61,0,0.25
35.625,61,0,0.25
35.875,61,0,0.125
36.000,63,2,0.25
36.250,58,9,0.125
36.375,61,0,0.125
36.500,63,2,0.125
36.625,58,9,0.125
36.750,58,9,0.75
37.500,60,11,0.125
37.625,58,9,0.125
37.750,60,11,0.125
37.875,60,11,0.125
38.000,61,0,0.25
38.250,56,7,0.125
38.375,60,11,0.125
38.500,61,0,0.125
38.625,56,7,0.125
38.750,56,7,0.06199999999999761
38.812,54,5,0.06300000000000239
38.875,53,4,0.625
39.500,61,0,0.1670000000000016
39.667,60,11,0.16599999999999682
39.833,61,0,0.1670000000000016
40.000,66,5,0.25
40.250,65,4,0.125
40.375,63,2,0.25
40.625,61,0,0.125
40.750,63,2,0.125
40.875,61,0,0.125
41.000,59,10,0.5
41.500,58,9,0.375
41.875,56,7,0.125
42.000,56,7,0.5
42.500,54,5,0.125
42.625,56,7,0.125
42.750,54,5,0.125
42.875,51,2,0.125
43.000,53,4,2.25
45.250,61,0,0.125
45.375,61,0,0.125
45.500,60,11,0.125
45.625,60,11,0.5
46.125,58,9,0.125
46.250,58,9,0.125
46.375,58,9,0.125
46.500,58,9,0.06199999999999761
46.562,60,11,0.06300000000000239
46.625,58,9,0.125
46.750,56,7,0.06199999999999761
46.812,58,9,0.06300000000000239
46.875,56,7,0.125
47.000,56,7,0.06199999999999761
47.062,54,5,0.06300000000000239
47.125,53,4,2.0
49.125,65,4,0.125
49.250,66,5,0.125
49.375,65,4,0.125
49.500,66,5,0.125
49.625,66,5,0.375
50.000,68,7,0.125
50.125,68,7,0.06300000000000239
50.188,66,5,0.06199999999999761
50.250,65,4,0.375
50.625,61,0,0.125
50.750,61,0,0.06199999999999761
50.812,63,2,0.06300000000000239
50.875,61,0,0.125
51.000,65,4,0.06199999999999761
51.062,63,2,0.06300000000000239
51.125,65,4,0.06300000000000239
51.188,68,7,0.1869999999999976
51.375,70,9,0.125
51.500,68,7,0.06199999999999761
51.562,66,5,0.06300000000000239
51.625,65,4,1.5
53.125,60,11,0.125
53.250,61,0,0.125
53.375,61,0,0.125
53.500,61,0,0.375
53.875,61,0,0.125
54.000,60,11,0.375
54.375,60,11,0.125
54.500,60,11,0.06199999999999761
54.562,60,11,0.06300000000000239
54.625,60,11,0.125
54.750,60,11,0.125
54.875,60,11,0.06300000000000239
54.938,60,11,0.06199999999999761
55.000,61,0,0.125
55.125,61,0,0.06300000000000239
55.188,58,9,0.06199999999999761
55.250,56,7,1.625
56.875,60,11,0.125
57.000,61,0,0.5
57.500,61,0,0.5
58.000,63,2,0.5
58.500,61,0,0.25
58.750,61,0,0.06199999999999761
58.812,58,9,0.06300000000000239
58.875,61,0,0.06300000000000239
58.938,58,9,0.06199999999999761
59.000,61,0,0.06199999999999761
59.062,58,9,0.06300000000000239
59.125,56,7,1.875
61.000,65,4,0.25
61.250,63,2,0.06199999999999761
61.312,61,0,0.6880000000000024
62.000,65,4,0.25
62.250,63,2,0.375
62.625,61,0,0.125
62.750,65,4,0.125
62.875,65,4,0.125
63.000,65,4,0.125
63.125,63,2,0.06300000000000239
63.188,61,0,0.8119999999999976
64.000,65,4,0.1880000000000024
64.188,63,2,0.4369999999999976
64.625,61,0,0.125
64.750,65,4,0.125
64.875,65,4,0.125
65.000,65,4,0.125
65.125,63,2,0.06300000000000239
65.188,61,0,0.4369999999999976
65.625,61,0,0.125
65.750,65,4,0.125
65.875,65,4,0.125
66.000,65,4,0.06199999999999761
66.062,63,2,0.5630000000000024
66.625,61,0,0.125
66.750,65,4,0.06199999999999761
66.812,65,4,0.06300000000000239
66.875,65,4,0.125
67.000,65,4,0.06199999999999761
67.062,63,2,0.06300000000000239
67.125,61,0,0.625
67.750,65,4,0.06199999999999761
67.812,65,4,0.06300000000000239
67.875,65,4,0.125
68.000,65,4,0.125
68.125,63,2,1.125
69.250,61,0,0.125
69.375,61,0,0.5
69.875,61,0,0.125
70.000,63,2,0.25
70.250,58,9,0.125
70.375,61,0,0.125
70.500,63,2,0.125
70.625,58,9,0.125
70.750,58,9,0.75
71.500,60,11,0.125
71.625,58,9,0.125
71.750,60,11,0.125
71.875,60,11,0.125
72.000,61,0,0.25
72.250,56,7,0.125
72.375,60,11,0.125
72.500,61,0,0.125
72.625,56,7,0.125
72.750,56,7,0.06199999999999761
72.812,54,5,0.06300000000000239
72.875,53,4,0.625
73.500,61,0,0.1670000000000016
73.667,60,11,0.16599999999999682
73.833,61,0,0.1670000000000016
74.000,66,5,0.25
74.250,65,4,0.125
74.375,63,2,0.25
74.625,61,0,0.125
74.750,63,2,0.125
74.875,61,0,0.125
75.000,59,10,0.375
75.375,58,9,0.125
75.500,58,9,0.375
75.875,56,7,0.125
76.000,56,7,0.75
76.750,56,7,0.125
76.875,58,9,0.125
77.000,59,10,0.5
77.500,58,9,0.375
77.875,56,7,0.125
78.000,56,7,0.5
78.500,54,5,0.125
78.625,56,7,0.125
78.750,54,5,0.125
78.875,51,2,0.125
79.000,53,4,2.25
81.250,61,0,0.125
81.375,61,0,0.5
81.875,61,0,0.125
82.000,63,2,0.25
82.250,58,9,0.125
82.375,61,0,0.125
82.500,63,2,0.125
82.625,58,9,0.125
82.750,58,9,0.75
83.500,60,11,0.125
83.625,58,9,0.125
83.750,60,11,0.125
83.875,60,11,0.125
84.000,61,0,0.25
84.250,56,7,0.125
84.375,60,11,0.125
84.500,61,0,0.125
84.625,56,7,0.125
84.750,56,7,0.06199999999999761
84.812,54,5,0.06300000000000239
84.875,53,4,0.625
85.500,61,0,0.1670000000000016
85.667,60,11,0.16599999999999682
85.833,61,0,0.1670000000000016
86.000,66,5,0.25
86.250,65,4,0.125
86.375,63,2,0.25
86.625,61,0,0.125
86.750,63,2,0.125
86.875,61,0,0.125
87.000,59,10,0.375
87.375,58,9,0.125
87.500,58,9,0.375
87.875,56,7,0.125
