,time,note,scale degree,length,start,end,numeral,chromatic root,diatonic root,key,absolute root
0,7.625,61.0,4.0,0.125,6.0,10.0,I,0,1,9,9
1,7.75,64.0,7.0,0.125,6.0,10.0,I,0,1,9,9
2,7.875,66.0,9.0,0.875,6.0,10.0,I,0,1,9,9
3,8.75,61.0,4.0,0.125,6.0,10.0,I,0,1,9,9
4,8.875,64.0,7.0,1.5,6.0,10.0,I,0,1,9,9
5,10.375,57.0,0.0,0.0630000000000006,10.0,12.0,vi,9,6,9,6
6,10.438,59.0,2.0,0.0619999999999993,10.0,12.0,vi,9,6,9,6
7,10.5,61.0,4.0,0.1880000000000006,10.0,12.0,vi,9,6,9,6
8,10.688,59.0,2.0,0.25,10.0,12.0,vi,9,6,9,6
9,10.938,57.0,0.0,0.6869999999999994,10.0,12.0,vi,9,6,9,6
10,11.625,57.0,0.0,0.125,10.0,12.0,vi,9,6,9,6
11,11.75,59.0,2.0,0.125,10.0,12.0,vi,9,6,9,6
12,11.875,61.0,4.0,0.0630000000000006,10.0,12.0,vi,9,6,9,6
13,11.938,59.0,2.0,0.0619999999999993,10.0,12.0,vi,9,6,9,6
14,12.0,57.0,0.0,0.625,10.0,12.0,vi,9,6,9,6
15,12.625,57.0,0.0,0.125,12.0,13.0,IV,5,4,9,2
16,12.75,61.0,4.0,0.125,12.0,13.0,IV,5,4,9,2
17,12.875,59.0,2.0,0.125,12.0,13.0,IV,5,4,9,2
18,13.0,57.0,0.0,0.125,12.0,13.0,IV,5,4,9,2
19,13.125,59.0,2.0,0.125,13.0,14.0,V,7,5,9,4
20,13.25,57.0,0.0,0.4380000000000006,13.0,14.0,V,7,5,9,4
21,13.688,59.0,2.0,0.1239999999999987,13.0,14.0,V,7,5,9,4
22,13.812,59.0,2.0,0.1880000000000006,13.0,14.0,V,7,5,9,4
23,14.0,57.0,0.0,1.625,13.0,14.0,V,7,5,9,4
24,15.625,61.0,4.0,0.125,14.0,18.0,I,0,1,9,9
25,15.75,64.0,7.0,0.125,14.0,18.0,I,0,1,9,9
26,15.875,66.0,9.0,0.75,14.0,18.0,I,0,1,9,9
27,16.625,61.0,4.0,0.125,14.0,18.0,I,0,1,9,9
28,16.75,64.0,7.0,0.125,14.0,18.0,I,0,1,9,9
29,16.875,66.0,9.0,0.5,14.0,18.0,I,0,1,9,9
30,17.375,62.0,5.0,0.125,14.0,18.0,I,0,1,9,9
31,17.5,62.0,5.0,0.125,14.0,18.0,I,0,1,9,9
32,17.625,61.0,4.0,0.125,14.0,18.0,I,0,1,9,9
33,17.75,59.0,2.0,0.125,14.0,18.0,I,0,1,9,9
34,17.875,57.0,0.0,0.0629999999999988,14.0,18.0,I,0,1,9,9
35,17.938,59.0,2.0,0.0620000000000011,14.0,18.0,I,0,1,9,9
36,18.0,61.0,4.0,0.625,14.0,18.0,I,0,1,9,9
37,18.625,59.0,2.0,0.125,18.0,20.0,vi,9,6,9,6
38,18.75,59.0,2.0,0.25,18.0,20.0,vi,9,6,9,6
39,19.0,57.0,0.0,0.625,18.0,20.0,vi,9,6,9,6
40,19.625,57.0,0.0,0.125,18.0,20.0,vi,9,6,9,6
41,19.75,59.0,2.0,0.125,18.0,20.0,vi,9,6,9,6
42,19.875,61.0,4.0,0.0629999999999988,18.0,20.0,vi,9,6,9,6
43,19.938,59.0,2.0,0.0620000000000011,18.0,20.0,vi,9,6,9,6
44,20.0,57.0,0.0,0.625,18.0,20.0,vi,9,6,9,6
45,20.625,59.0,2.0,0.125,20.0,21.0,IV,5,4,9,2
46,20.75,61.0,4.0,0.125,20.0,21.0,IV,5,4,9,2
47,20.875,59.0,2.0,0.125,20.0,21.0,IV,5,4,9,2
48,21.0,57.0,0.0,0.625,20.0,21.0,IV,5,4,9,2
49,21.625,61.0,4.0,0.125,21.0,22.0,V,7,5,9,4
50,21.75,59.0,2.0,0.125,21.0,22.0,V,7,5,9,4
51,21.875,57.0,0.0,0.25,21.0,22.0,V,7,5,9,4
52,22.125,57.0,0.0,0.75,22.0,26.0,I,0,1,9,9
53,22.875,66.0,9.0,0.125,22.0,26.0,I,0,1,9,9
54,23.0,66.0,9.0,0.125,22.0,26.0,I,0,1,9,9
55,23.125,64.0,7.0,0.125,22.0,26.0,I,0,1,9,9
56,23.25,64.0,7.0,0.25,22.0,26.0,I,0,1,9,9
57,23.5,69.0,0.0,0.125,22.0,26.0,I,0,1,9,9
58,23.625,68.0,11.0,0.125,22.0,26.0,I,0,1,9,9
59,23.75,68.0,11.0,0.25,22.0,26.0,I,0,1,9,9
60,24.0,66.0,9.0,0.125,22.0,26.0,I,0,1,9,9
61,24.125,64.0,7.0,0.125,22.0,26.0,I,0,1,9,9
62,24.25,66.0,9.0,0.4379999999999988,22.0,26.0,I,0,1,9,9
63,24.688,66.0,9.0,0.25,22.0,26.0,I,0,1,9,9
64,24.938,66.0,9.0,0.4370000000000011,22.0,26.0,I,0,1,9,9
65,25.375,66.0,9.0,0.25,22.0,26.0,I,0,1,9,9
66,25.625,64.0,7.0,0.125,22.0,26.0,I,0,1,9,9
67,25.75,66.0,9.0,0.125,22.0,26.0,I,0,1,9,9
68,25.875,61.0,4.0,0.125,22.0,26.0,I,0,1,9,9
69,26.0,59.0,2.0,0.0620000000000011,22.0,26.0,I,0,1,9,9
70,26.062,57.0,0.0,0.0629999999999988,26.0,28.0,vi,9,6,9,6
71,26.125,59.0,2.0,0.0629999999999988,26.0,28.0,vi,9,6,9,6
72,26.188,61.0,4.0,0.4370000000000011,26.0,28.0,vi,9,6,9,6
73,26.625,59.0,2.0,0.1870000000000011,26.0,28.0,vi,9,6,9,6
74,26.812,61.0,4.0,0.0629999999999988,26.0,28.0,vi,9,6,9,6
75,26.875,59.0,2.0,0.0629999999999988,26.0,28.0,vi,9,6,9,6
76,26.938,57.0,0.0,0.0620000000000011,26.0,28.0,vi,9,6,9,6
77,27.0,57.0,0.0,0.625,26.0,28.0,vi,9,6,9,6
78,27.625,61.0,4.0,0.375,26.0,28.0,vi,9,6,9,6
79,28.0,59.0,2.0,0.125,26.0,28.0,vi,9,6,9,6
80,28.125,57.0,0.0,1.125,28.0,29.0,IV,5,4,9,2
81,29.25,61.0,4.0,0.125,29.0,30.0,V,7,5,9,4
82,29.375,59.0,2.0,0.125,29.0,30.0,V,7,5,9,4
83,29.5,57.0,0.0,0.125,29.0,30.0,V,7,5,9,4
84,29.625,57.0,0.0,0.625,29.0,30.0,V,7,5,9,4
85,30.25,61.0,4.0,0.125,30.0,34.0,I,0,1,9,9
86,30.375,59.0,2.0,0.125,30.0,34.0,I,0,1,9,9
87,30.5,57.0,0.0,0.25,30.0,34.0,I,0,1,9,9
88,30.75,57.0,0.0,0.875,30.0,34.0,I,0,1,9,9
89,31.625,61.0,4.0,0.125,30.0,34.0,I,0,1,9,9
90,31.75,64.0,7.0,0.125,30.0,34.0,I,0,1,9,9
91,31.875,66.0,9.0,0.75,30.0,34.0,I,0,1,9,9
92,32.625,61.0,4.0,0.125,30.0,34.0,I,0,1,9,9
93,32.75,64.0,7.0,0.0829999999999984,30.0,34.0,I,0,1,9,9
94,32.833,64.0,7.0,0.0840000000000031,30.0,34.0,I,0,1,9,9
95,32.917,66.0,9.0,0.0829999999999984,30.0,34.0,I,0,1,9,9
96,33.0,64.0,7.0,0.3119999999999976,30.0,34.0,I,0,1,9,9
97,33.312,66.0,9.0,1.0630000000000024,30.0,34.0,I,0,1,9,9
98,34.375,60.0,3.0,0.125,34.0,36.0,vi,9,6,9,6
99,34.5,61.0,4.0,0.125,34.0,36.0,vi,9,6,9,6
100,34.625,61.0,4.0,0.125,34.0,36.0,vi,9,6,9,6
101,34.75,59.0,2.0,0.25,34.0,36.0,vi,9,6,9,6
102,35.0,57.0,0.0,0.625,34.0,36.0,vi,9,6,9,6
103,35.625,57.0,0.0,0.125,34.0,36.0,vi,9,6,9,6
104,35.75,59.0,2.0,0.125,34.0,36.0,vi,9,6,9,6
105,35.875,61.0,4.0,0.1869999999999976,34.0,36.0,vi,9,6,9,6
106,36.062,59.0,2.0,0.0630000000000023,36.0,37.0,IV,5,4,9,2
107,36.125,57.0,0.0,0.75,36.0,37.0,IV,5,4,9,2
108,36.875,60.0,3.0,0.125,36.0,37.0,IV,5,4,9,2
109,37.0,61.0,4.0,0.125,36.0,37.0,IV,5,4,9,2
110,37.125,59.0,2.0,0.125,37.0,38.0,V,7,5,9,4
111,37.25,57.0,0.0,0.375,37.0,38.0,V,7,5,9,4
112,37.625,57.0,0.0,0.125,37.0,38.0,V,7,5,9,4
113,37.75,59.0,2.0,0.25,37.0,38.0,V,7,5,9,4
114,38.0,57.0,0.0,1.625,37.0,38.0,V,7,5,9,4
115,39.625,61.0,4.0,0.125,38.0,42.0,I,0,1,9,9
116,39.75,64.0,7.0,0.125,38.0,42.0,I,0,1,9,9
117,39.875,64.0,7.0,0.125,38.0,42.0,I,0,1,9,9
118,40.0,66.0,9.0,0.625,38.0,42.0,I,0,1,9,9
119,40.625,61.0,4.0,0.125,38.0,42.0,I,0,1,9,9
120,40.75,66.0,9.0,0.1880000000000024,38.0,42.0,I,0,1,9,9
121,40.938,66.0,9.0,0.4369999999999976,38.0,42.0,I,0,1,9,9
122,41.375,66.0,9.0,0.125,38.0,42.0,I,0,1,9,9
123,41.5,66.0,9.0,0.1880000000000024,38.0,42.0,I,0,1,9,9
124,41.688,64.0,7.0,0.1869999999999976,38.0,42.0,I,0,1,9,9
125,41.875,60.0,3.0,0.125,38.0,42.0,I,0,1,9,9
126,42.0,59.0,2.0,0.0619999999999976,38.0,42.0,I,0,1,9,9
127,42.062,57.0,0.0,0.0630000000000023,42.0,44.0,vi,9,6,9,6
128,42.125,59.0,2.0,0.0630000000000023,42.0,44.0,vi,9,6,9,6
129,42.188,61.0,4.0,0.4369999999999976,42.0,44.0,vi,9,6,9,6
130,42.625,59.0,2.0,0.125,42.0,44.0,vi,9,6,9,6
131,42.75,59.0,2.0,0.25,42.0,44.0,vi,9,6,9,6
132,43.0,57.0,0.0,0.625,42.0,44.0,vi,9,6,9,6
133,43.625,57.0,0.0,0.125,42.0,44.0,vi,9,6,9,6
134,43.75,59.0,2.0,0.125,42.0,44.0,vi,9,6,9,6
135,43.875,61.0,4.0,0.0630000000000023,42.0,44.0,vi,9,6,9,6
136,43.938,59.0,2.0,0.0619999999999976,42.0,44.0,vi,9,6,9,6
137,44.0,57.0,0.0,0.625,42.0,44.0,vi,9,6,9,6
138,44.625,59.0,2.0,0.125,44.0,45.0,IV,5,4,9,2
139,44.75,61.0,4.0,0.125,44.0,45.0,IV,5,4,9,2
140,44.875,59.0,2.0,0.125,44.0,45.0,IV,5,4,9,2
141,45.0,57.0,0.0,0.625,44.0,45.0,IV,5,4,9,2
142,45.625,61.0,4.0,0.125,45.0,46.0,V,7,5,9,4
143,45.75,59.0,2.0,0.125,45.0,46.0,V,7,5,9,4
144,45.875,57.0,0.0,0.25,45.0,46.0,V,7,5,9,4
145,46.125,57.0,0.0,0.75,46.0,50.0,I,0,1,9,9
146,46.875,66.0,9.0,0.125,46.0,50.0,I,0,1,9,9
147,47.0,66.0,9.0,0.125,46.0,50.0,I,0,1,9,9
148,47.125,64.0,7.0,0.125,46.0,50.0,I,0,1,9,9
149,47.25,64.0,7.0,0.25,46.0,50.0,I,0,1,9,9
150,47.5,69.0,0.0,0.125,46.0,50.0,I,0,1,9,9
151,47.625,68.0,11.0,0.125,46.0,50.0,I,0,1,9,9
152,47.75,68.0,11.0,0.25,46.0,50.0,I,0,1,9,9
153,48.0,66.0,9.0,0.125,46.0,50.0,I,0,1,9,9
154,48.125,64.0,7.0,0.125,46.0,50.0,I,0,1,9,9
155,48.25,66.0,9.0,0.375,46.0,50.0,I,0,1,9,9
156,48.625,66.0,9.0,0.25,46.0,50.0,I,0,1,9,9
157,48.875,66.0,9.0,0.5,46.0,50.0,I,0,1,9,9
158,49.375,66.0,9.0,0.25,46.0,50.0,I,0,1,9,9
159,49.625,64.0,7.0,0.25,46.0,50.0,I,0,1,9,9
160,49.875,60.0,3.0,0.0630000000000023,46.0,50.0,I,0,1,9,9
161,49.938,59.0,2.0,0.0619999999999976,46.0,50.0,I,0,1,9,9
162,50.0,57.0,0.0,0.125,46.0,50.0,I,0,1,9,9
163,50.125,59.0,2.0,0.0630000000000023,50.0,52.0,vi,9,6,9,6
164,50.188,61.0,4.0,0.4369999999999976,50.0,52.0,vi,9,6,9,6
165,50.625,59.0,2.0,0.1869999999999976,50.0,52.0,vi,9,6,9,6
166,50.812,61.0,4.0,0.0630000000000023,50.0,52.0,vi,9,6,9,6
167,50.875,59.0,2.0,0.0630000000000023,50.0,52.0,vi,9,6,9,6
168,50.938,57.0,0.0,0.0619999999999976,50.0,52.0,vi,9,6,9,6
169,51.0,59.0,2.0,0.0619999999999976,50.0,52.0,vi,9,6,9,6
170,51.062,57.0,0.0,0.5630000000000024,50.0,52.0,vi,9,6,9,6
171,51.625,66.0,9.0,0.25,50.0,52.0,vi,9,6,9,6
172,51.875,60.0,3.0,0.0630000000000023,50.0,52.0,vi,9,6,9,6
173,51.938,59.0,2.0,0.0619999999999976,50.0,52.0,vi,9,6,9,6
174,52.0,57.0,0.0,0.125,50.0,52.0,vi,9,6,9,6
175,52.125,59.0,2.0,0.0630000000000023,52.0,53.0,IV,5,4,9,2
176,52.188,57.0,0.0,1.0619999999999976,52.0,53.0,IV,5,4,9,2
177,53.25,61.0,4.0,0.125,53.0,54.0,V,7,5,9,4
178,53.375,59.0,2.0,0.125,53.0,54.0,V,7,5,9,4
179,53.5,57.0,0.0,0.25,53.0,54.0,V,7,5,9,4
180,53.75,57.0,0.0,0.5,53.0,54.0,V,7,5,9,4
181,54.25,61.0,4.0,0.125,54.0,58.0,I,0,1,9,9
182,54.375,59.0,2.0,0.125,54.0,58.0,I,0,1,9,9
183,54.5,57.0,0.0,0.1880000000000024,54.0,58.0,I,0,1,9,9
184,54.688,57.0,0.0,16.311999999999998,54.0,58.0,I,0,1,9,9
185,71.0,66.0,9.0,0.125,70.0,74.0,I,0,1,9,9
186,71.125,64.0,7.0,0.125,70.0,74.0,I,0,1,9,9
187,71.25,64.0,7.0,0.25,70.0,74.0,I,0,1,9,9
188,71.5,69.0,0.0,0.125,70.0,74.0,I,0,1,9,9
189,71.625,68.0,11.0,0.125,70.0,74.0,I,0,1,9,9
190,71.75,68.0,11.0,0.25,70.0,74.0,I,0,1,9,9
191,72.0,66.0,9.0,0.125,70.0,74.0,I,0,1,9,9
192,72.125,64.0,7.0,0.125,70.0,74.0,I,0,1,9,9
193,72.25,66.0,9.0,0.375,70.0,74.0,I,0,1,9,9
194,72.625,66.0,9.0,0.25,70.0,74.0,I,0,1,9,9
195,72.875,66.0,9.0,0.5,70.0,74.0,I,0,1,9,9
196,73.375,66.0,9.0,0.25,70.0,74.0,I,0,1,9,9
197,73.625,64.0,7.0,0.25,70.0,74.0,I,0,1,9,9
198,73.875,60.0,3.0,0.125,70.0,74.0,I,0,1,9,9
199,74.0,59.0,2.0,0.0619999999999976,70.0,74.0,I,0,1,9,9
200,74.062,57.0,0.0,0.0630000000000023,74.0,76.0,vi,9,6,9,6
201,74.125,59.0,2.0,0.0630000000000023,74.0,76.0,vi,9,6,9,6
202,74.188,61.0,4.0,0.4369999999999976,74.0,76.0,vi,9,6,9,6
203,74.625,59.0,2.0,0.1869999999999976,74.0,76.0,vi,9,6,9,6
204,74.812,61.0,4.0,0.0630000000000023,74.0,76.0,vi,9,6,9,6
205,74.875,59.0,2.0,0.0630000000000023,74.0,76.0,vi,9,6,9,6
206,74.938,57.0,0.0,0.0619999999999976,74.0,76.0,vi,9,6,9,6
207,75.0,59.0,2.0,0.0619999999999976,74.0,76.0,vi,9,6,9,6
208,75.062,57.0,0.0,0.5630000000000024,74.0,76.0,vi,9,6,9,6
209,75.625,66.0,9.0,0.25,74.0,76.0,vi,9,6,9,6
210,75.875,60.0,3.0,0.125,74.0,76.0,vi,9,6,9,6
211,76.0,57.0,0.0,0.1880000000000024,74.0,76.0,vi,9,6,9,6
212,76.188,59.0,2.0,0.6869999999999976,76.0,77.0,IV,5,4,9,2
213,76.875,61.0,4.0,0.125,76.0,77.0,IV,5,4,9,2
214,77.0,59.0,2.0,0.0619999999999976,76.0,77.0,IV,5,4,9,2
215,77.062,57.0,0.0,0.1880000000000024,77.0,78.0,V,7,5,9,4
216,77.25,57.0,0.0,0.625,77.0,78.0,V,7,5,9,4
217,77.875,61.0,4.0,0.125,77.0,78.0,V,7,5,9,4
218,78.0,59.0,2.0,0.0619999999999976,77.0,78.0,V,7,5,9,4
219,78.062,57.0,0.0,0.1880000000000024,78.0,80.0,I,0,1,9,9
220,78.25,57.0,0.0,0.625,78.0,80.0,I,0,1,9,9
221,78.875,66.0,9.0,0.125,78.0,80.0,I,0,1,9,9
222,79.0,66.0,9.0,0.125,78.0,80.0,I,0,1,9,9
223,79.125,64.0,7.0,0.125,78.0,80.0,I,0,1,9,9
224,79.25,64.0,7.0,0.125,78.0,80.0,I,0,1,9,9
225,79.375,66.0,9.0,0.125,78.0,80.0,I,0,1,9,9
226,79.5,64.0,7.0,0.125,78.0,80.0,I,0,1,9,9
227,79.625,66.0,9.0,0.125,78.0,80.0,I,0,1,9,9
228,79.75,64.0,7.0,0.125,78.0,80.0,I,0,1,9,9
