,time,note,scale degree,length,start,end,numeral,chromatic root,diatonic root,key,absolute root
0,4.25,60.0,0.0,0.125,0.0,6.0,I,0,1,0,0
1,4.375,60.0,0.0,0.375,0.0,6.0,I,0,1,0,0
2,4.75,62.0,2.0,0.125,0.0,6.0,I,0,1,0,0
3,4.875,62.0,2.0,0.25,0.0,6.0,I,0,1,0,0
4,5.125,60.0,0.0,0.625,0.0,6.0,I,0,1,0,0
5,5.75,64.0,4.0,0.25,0.0,6.0,I,0,1,0,0
6,6.0,64.0,4.0,0.5,0.0,6.0,I,0,1,0,0
7,6.5,62.0,2.0,1.75,6.0,7.0,ii65,2,2,0,2
8,8.25,60.0,0.0,0.125,8.0,10.0,I,0,1,0,0
9,8.375,60.0,0.0,0.375,8.0,10.0,I,0,1,0,0
10,8.75,62.0,2.0,0.125,8.0,10.0,I,0,1,0,0
11,8.875,62.0,2.0,0.25,8.0,10.0,I,0,1,0,0
12,9.125,60.0,0.0,0.625,8.0,10.0,I,0,1,0,0
13,9.75,69.0,9.0,0.25,8.0,10.0,I,0,1,0,0
14,10.0,69.0,9.0,0.5,8.0,10.0,I,0,1,0,0
15,10.5,67.0,7.0,1.25,10.0,12.0,V43,7,5,0,7
16,11.75,65.0,5.0,0.125,10.0,12.0,V43,7,5,0,7
17,11.875,64.0,4.0,0.875,10.0,12.0,V43,7,5,0,7
18,12.75,59.0,11.0,0.125,12.0,14.0,V/vi,4,3,0,4
19,12.875,64.0,4.0,0.75,12.0,14.0,V/vi,4,3,0,4
20,13.625,62.0,2.0,0.375,12.0,14.0,V/vi,4,3,0,4
21,14.0,62.0,2.0,0.125,12.0,14.0,V/vi,4,3,0,4
22,14.125,60.0,0.0,0.125,14.0,16.0,vi,9,6,0,9
23,14.25,59.0,11.0,0.125,14.0,16.0,vi,9,6,0,9
24,14.375,62.0,2.0,0.25,14.0,16.0,vi,9,6,0,9
25,14.625,60.0,0.0,0.125,14.0,16.0,vi,9,6,0,9
26,14.75,57.0,9.0,1.5,14.0,16.0,vi,9,6,0,9
27,16.25,60.0,0.0,0.25,16.0,17.0,IV,5,4,0,5
28,16.5,60.0,0.0,0.25,16.0,17.0,IV,5,4,0,5
29,16.75,64.0,4.0,0.25,16.0,17.0,IV,5,4,0,5
30,17.0,64.0,4.0,0.25,16.0,17.0,IV,5,4,0,5
31,17.25,62.0,2.0,0.5,17.0,18.0,V,7,5,0,7
32,17.75,62.0,2.0,0.25,17.0,18.0,V,7,5,0,7
33,18.0,62.0,2.0,0.375,17.0,18.0,V,7,5,0,7
34,18.375,60.0,0.0,0.125,18.0,22.0,I,0,1,0,0
35,18.5,60.0,0.0,1.75,18.0,22.0,I,0,1,0,0
36,20.25,60.0,0.0,0.25,18.0,22.0,I,0,1,0,0
37,20.5,60.0,0.0,0.25,18.0,22.0,I,0,1,0,0
38,20.75,62.0,2.0,0.25,18.0,22.0,I,0,1,0,0
39,21.0,62.0,2.0,0.25,18.0,22.0,I,0,1,0,0
40,21.25,60.0,0.0,0.75,18.0,22.0,I,0,1,0,0
41,22.0,64.0,4.0,0.375,18.0,22.0,I,0,1,0,0
42,22.375,62.0,2.0,0.125,22.0,23.0,ii65,2,2,0,2
43,22.5,62.0,2.0,1.75,22.0,23.0,ii65,2,2,0,2
44,24.25,60.0,0.0,0.25,24.0,26.0,I,0,1,0,0
45,24.5,60.0,0.0,0.25,24.0,26.0,I,0,1,0,0
46,24.75,62.0,2.0,0.25,24.0,26.0,I,0,1,0,0
47,25.0,62.0,2.0,0.25,24.0,26.0,I,0,1,0,0
48,25.25,60.0,0.0,0.75,24.0,26.0,I,0,1,0,0
49,26.0,69.0,9.0,0.375,24.0,26.0,I,0,1,0,0
50,26.375,67.0,7.0,0.125,26.0,28.0,V43,7,5,0,7
51,26.5,67.0,7.0,1.25,26.0,28.0,V43,7,5,0,7
52,27.75,65.0,5.0,0.125,26.0,28.0,V43,7,5,0,7
53,27.875,64.0,4.0,0.875,26.0,28.0,V43,7,5,0,7
54,28.75,59.0,11.0,0.125,28.0,30.0,V/vi,4,3,0,4
55,28.875,64.0,4.0,0.75,28.0,30.0,V/vi,4,3,0,4
56,29.625,62.0,2.0,0.375,28.0,30.0,V/vi,4,3,0,4
57,30.0,62.0,2.0,0.125,28.0,30.0,V/vi,4,3,0,4
58,30.125,60.0,0.0,0.125,30.0,32.0,vi,9,6,0,9
59,30.25,59.0,11.0,0.125,30.0,32.0,vi,9,6,0,9
60,30.375,62.0,2.0,0.375,30.0,32.0,vi,9,6,0,9
61,30.75,60.0,0.0,0.125,30.0,32.0,vi,9,6,0,9
62,30.875,57.0,9.0,1.375,30.0,32.0,vi,9,6,0,9
63,32.25,60.0,0.0,0.25,32.0,33.0,IV,5,4,0,5
64,32.5,60.0,0.0,0.25,32.0,33.0,IV,5,4,0,5
65,32.75,64.0,4.0,0.25,32.0,33.0,IV,5,4,0,5
66,33.0,64.0,4.0,0.25,32.0,33.0,IV,5,4,0,5
67,33.25,62.0,2.0,0.5,33.0,34.0,V,7,5,0,7
68,33.75,62.0,2.0,0.25,33.0,34.0,V,7,5,0,7
69,34.0,62.0,2.0,0.375,33.0,34.0,V,7,5,0,7
70,34.375,60.0,0.0,0.125,34.0,36.0,I,0,1,0,0
71,34.5,60.0,0.0,1.75,34.0,36.0,I,0,1,0,0
72,36.25,69.0,9.0,0.25,36.0,38.0,IV,5,4,0,5
73,36.5,69.0,9.0,0.25,36.0,38.0,IV,5,4,0,5
74,36.75,69.0,9.0,0.25,36.0,38.0,IV,5,4,0,5
75,37.0,69.0,9.0,0.75,36.0,38.0,IV,5,4,0,5
76,37.75,69.0,9.0,0.25,36.0,38.0,IV,5,4,0,5
77,38.0,69.0,9.0,0.375,36.0,38.0,IV,5,4,0,5
78,38.375,67.0,7.0,0.125,38.0,40.0,iii,4,3,0,4
79,38.5,67.0,7.0,1.75,38.0,40.0,iii,4,3,0,4
80,40.25,69.0,9.0,0.25,40.0,42.0,IV,5,4,0,5
81,40.5,69.0,9.0,0.25,40.0,42.0,IV,5,4,0,5
82,40.75,69.0,9.0,0.125,40.0,42.0,IV,5,4,0,5
83,40.875,67.0,7.0,0.125,40.0,42.0,IV,5,4,0,5
84,41.0,69.0,9.0,0.25,40.0,42.0,IV,5,4,0,5
85,41.25,69.0,9.0,0.125,40.0,42.0,IV,5,4,0,5
86,41.375,67.0,7.0,0.375,40.0,42.0,IV,5,4,0,5
87,41.75,65.0,5.0,0.25,40.0,42.0,IV,5,4,0,5
88,42.0,64.0,4.0,0.375,40.0,42.0,IV,5,4,0,5
89,42.375,62.0,2.0,0.125,42.0,44.0,I,0,1,0,0
90,42.5,60.0,0.0,0.375,42.0,44.0,I,0,1,0,0
91,42.875,57.0,9.0,0.125,42.0,44.0,I,0,1,0,0
92,43.0,55.0,7.0,1.25,42.0,44.0,I,0,1,0,0
93,44.25,69.0,9.0,0.25,44.0,46.0,IV,5,4,0,5
94,44.5,69.0,9.0,0.25,44.0,46.0,IV,5,4,0,5
95,44.75,69.0,9.0,0.25,44.0,46.0,IV,5,4,0,5
96,45.0,69.0,9.0,0.75,44.0,46.0,IV,5,4,0,5
97,45.75,69.0,9.0,0.25,44.0,46.0,IV,5,4,0,5
98,46.0,69.0,9.0,0.375,44.0,46.0,IV,5,4,0,5
99,46.375,67.0,7.0,0.125,46.0,48.0,iii,4,3,0,4
100,46.5,67.0,7.0,1.25,46.0,48.0,iii,4,3,0,4
101,47.75,64.0,4.0,0.125,46.0,48.0,iii,4,3,0,4
102,47.875,62.0,2.0,0.125,46.0,48.0,iii,4,3,0,4
103,48.0,62.0,2.0,0.125,46.0,48.0,iii,4,3,0,4
104,48.125,60.0,0.0,0.625,48.0,49.0,vi,9,6,0,9
105,48.75,64.0,4.0,0.125,48.0,49.0,vi,9,6,0,9
106,48.875,64.0,4.0,0.125,48.0,49.0,vi,9,6,0,9
107,49.0,62.0,2.0,0.75,48.0,49.0,vi,9,6,0,9
108,49.75,69.0,9.0,0.25,49.0,50.0,V7/V,2,2,0,2
109,50.0,69.0,9.0,0.625,49.0,50.0,V7/V,2,2,0,2
110,50.625,67.0,7.0,0.125,50.0,51.0,IV,5,4,0,5
111,50.75,69.0,9.0,0.25,50.0,51.0,IV,5,4,0,5
112,51.0,67.0,7.0,1.25,50.0,51.0,IV,5,4,0,5
113,52.25,60.0,0.0,0.25,52.0,54.0,I,0,1,0,0
114,52.5,60.0,0.0,0.25,52.0,54.0,I,0,1,0,0
115,52.75,62.0,2.0,0.125,52.0,54.0,I,0,1,0,0
116,52.875,62.0,2.0,0.25,52.0,54.0,I,0,1,0,0
117,53.125,60.0,0.0,0.625,52.0,54.0,I,0,1,0,0
118,53.75,64.0,4.0,0.25,52.0,54.0,I,0,1,0,0
119,54.0,64.0,4.0,0.375,52.0,54.0,I,0,1,0,0
120,54.375,62.0,2.0,0.125,54.0,55.0,ii65,2,2,0,2
121,54.5,62.0,2.0,1.75,54.0,55.0,ii65,2,2,0,2
122,56.25,60.0,0.0,0.25,56.0,58.0,I,0,1,0,0
123,56.5,60.0,0.0,0.25,56.0,58.0,I,0,1,0,0
124,56.75,62.0,2.0,0.25,56.0,58.0,I,0,1,0,0
125,57.0,62.0,2.0,0.125,56.0,58.0,I,0,1,0,0
126,57.125,60.0,0.0,0.625,56.0,58.0,I,0,1,0,0
127,57.75,57.0,9.0,0.25,56.0,58.0,I,0,1,0,0
128,58.0,69.0,9.0,0.375,56.0,58.0,I,0,1,0,0
129,58.375,67.0,7.0,0.125,58.0,60.0,V43,7,5,0,7
130,58.5,67.0,7.0,1.25,58.0,60.0,V43,7,5,0,7
131,59.75,65.0,5.0,0.25,58.0,60.0,V43,7,5,0,7
132,60.0,64.0,4.0,0.75,58.0,60.0,V43,7,5,0,7
133,60.75,59.0,11.0,0.125,60.0,62.0,V/vi,4,3,0,4
134,60.875,64.0,4.0,0.875,60.0,62.0,V/vi,4,3,0,4
135,61.75,62.0,2.0,0.25,60.0,62.0,V/vi,4,3,0,4
136,62.0,62.0,2.0,0.25,60.0,62.0,V/vi,4,3,0,4
137,62.25,60.0,0.0,0.25,62.0,64.0,vi,9,6,0,9
138,62.5,59.0,11.0,0.25,62.0,64.0,vi,9,6,0,9
139,62.75,62.0,2.0,0.125,62.0,64.0,vi,9,6,0,9
140,62.875,60.0,0.0,0.25,62.0,64.0,vi,9,6,0,9
141,63.125,57.0,9.0,1.125,62.0,64.0,vi,9,6,0,9
142,64.25,60.0,0.0,0.25,64.0,65.0,IV,5,4,0,5
143,64.5,60.0,0.0,0.25,64.0,65.0,IV,5,4,0,5
144,64.75,64.0,4.0,0.25,64.0,65.0,IV,5,4,0,5
145,65.0,64.0,4.0,0.25,64.0,65.0,IV,5,4,0,5
146,65.25,62.0,2.0,0.5,65.0,66.0,V,7,5,0,7
147,65.75,62.0,2.0,0.25,65.0,66.0,V,7,5,0,7
148,66.0,62.0,2.0,0.375,65.0,66.0,V,7,5,0,7
149,66.375,60.0,0.0,0.125,66.0,70.0,I,0,1,0,0
150,66.5,60.0,0.0,9.25,66.0,70.0,I,0,1,0,0
151,75.75,65.0,5.0,0.25,74.0,76.0,V43,7,5,0,7
152,76.0,64.0,4.0,0.75,74.0,76.0,V43,7,5,0,7
153,76.75,59.0,11.0,0.125,76.0,78.0,V/vi,4,3,0,4
154,76.875,64.0,4.0,0.875,76.0,78.0,V/vi,4,3,0,4
155,77.75,62.0,2.0,0.25,76.0,78.0,V/vi,4,3,0,4
156,78.0,62.0,2.0,0.25,76.0,78.0,V/vi,4,3,0,4
157,78.25,60.0,0.0,0.25,78.0,80.0,vi,9,6,0,9
158,78.5,59.0,11.0,0.25,78.0,80.0,vi,9,6,0,9
159,78.75,62.0,2.0,0.125,78.0,80.0,vi,9,6,0,9
160,78.875,60.0,0.0,0.125,78.0,80.0,vi,9,6,0,9
161,79.0,57.0,9.0,1.25,78.0,80.0,vi,9,6,0,9
162,80.25,60.0,0.0,0.25,80.0,81.0,IV,5,4,0,5
163,80.5,60.0,0.0,0.25,80.0,81.0,IV,5,4,0,5
164,80.75,64.0,4.0,0.25,80.0,81.0,IV,5,4,0,5
165,81.0,64.0,4.0,0.25,80.0,81.0,IV,5,4,0,5
166,81.25,62.0,2.0,0.5,81.0,82.0,V,7,5,0,7
167,81.75,62.0,2.0,0.25,81.0,82.0,V,7,5,0,7
168,82.0,62.0,2.0,0.375,81.0,82.0,V,7,5,0,7
169,82.375,60.0,0.0,0.125,82.0,84.0,I,0,1,0,0
170,82.5,60.0,0.0,1.75,82.0,84.0,I,0,1,0,0
171,84.25,60.0,0.0,0.25,84.0,85.0,IV,5,4,0,5
172,84.5,60.0,0.0,0.25,84.0,85.0,IV,5,4,0,5
173,84.75,64.0,4.0,0.25,84.0,85.0,IV,5,4,0,5
174,85.0,64.0,4.0,0.25,84.0,85.0,IV,5,4,0,5
175,85.25,62.0,2.0,0.5,85.0,86.0,V,7,5,0,7
176,85.75,62.0,2.0,0.25,85.0,86.0,V,7,5,0,7
177,86.0,62.0,2.0,0.375,85.0,86.0,V,7,5,0,7
178,86.375,60.0,0.0,0.125,86.0,88.0,I,0,1,0,0
179,86.5,60.0,0.0,1.75,86.0,88.0,I,0,1,0,0
180,88.25,60.0,0.0,0.25,88.0,89.0,IV,5,4,0,5
181,88.5,60.0,0.0,0.25,88.0,89.0,IV,5,4,0,5
182,88.75,64.0,4.0,0.25,88.0,89.0,IV,5,4,0,5
183,89.0,64.0,4.0,0.25,88.0,89.0,IV,5,4,0,5
184,89.25,62.0,2.0,0.5,89.0,90.0,V,7,5,0,7
185,89.75,62.0,2.0,0.25,89.0,90.0,V,7,5,0,7
186,90.0,62.0,2.0,0.375,89.0,90.0,V,7,5,0,7
187,90.375,60.0,0.0,0.125,90.0,92.0,I,0,1,0,0
