,time,note,scale degree,length,start,end,numeral,chromatic root,diatonic root,key,absolute root
0,6.875,62.0,7.0,0.125,6.5,8.0,I,0,1,7,7
1,7.0,62.0,7.0,0.25,6.5,8.0,I,0,1,7,7
2,7.25,62.0,7.0,0.25,6.5,8.0,I,0,1,7,7
3,7.5,59.0,4.0,0.25,6.5,8.0,I,0,1,7,7
4,7.75,62.0,7.0,0.125,6.5,8.0,I,0,1,7,7
5,7.875,60.0,5.0,0.375,6.5,8.0,I,0,1,7,7
6,8.25,64.0,9.0,0.25,8.0,8.5,IV,5,4,7,0
7,8.5,62.0,7.0,0.5,8.0,8.5,IV,5,4,7,0
8,9.0,59.0,4.0,0.125,8.5,10.0,I,0,1,7,7
9,9.125,59.0,4.0,0.25,8.5,10.0,I,0,1,7,7
10,9.375,57.0,2.0,0.125,8.5,10.0,I,0,1,7,7
11,9.5,59.0,4.0,0.0619999999999993,8.5,10.0,I,0,1,7,7
12,9.562,57.0,2.0,0.1880000000000006,8.5,10.0,I,0,1,7,7
13,9.75,59.0,4.0,0.125,8.5,10.0,I,0,1,7,7
14,9.875,55.0,0.0,0.375,8.5,10.0,I,0,1,7,7
15,10.25,60.0,5.0,0.25,10.0,10.5,IV,5,4,7,0
16,10.5,59.0,4.0,0.5,10.0,10.5,IV,5,4,7,0
17,11.0,59.0,4.0,0.125,10.5,12.0,I,0,1,7,7
18,11.125,59.0,4.0,0.25,10.5,12.0,I,0,1,7,7
19,11.375,57.0,2.0,0.125,10.5,12.0,I,0,1,7,7
20,11.5,59.0,4.0,0.0619999999999993,10.5,12.0,I,0,1,7,7
21,11.562,57.0,2.0,0.1880000000000006,10.5,12.0,I,0,1,7,7
22,11.75,59.0,4.0,0.125,10.5,12.0,I,0,1,7,7
23,11.875,55.0,0.0,0.625,10.5,12.0,I,0,1,7,7
24,12.5,57.0,2.0,0.125,12.0,13.0,V,7,5,7,2
25,12.625,54.0,11.0,0.375,12.0,13.0,V,7,5,7,2
26,13.0,55.0,0.0,3.875,12.0,13.0,V,7,5,7,2
27,16.875,62.0,7.0,0.125,16.5,18.0,I,0,1,7,7
28,17.0,62.0,7.0,0.25,16.5,18.0,I,0,1,7,7
29,17.25,62.0,7.0,0.25,16.5,18.0,I,0,1,7,7
30,17.5,59.0,4.0,0.125,16.5,18.0,I,0,1,7,7
31,17.625,59.0,4.0,0.125,16.5,18.0,I,0,1,7,7
32,17.75,62.0,7.0,0.125,16.5,18.0,I,0,1,7,7
33,17.875,60.0,5.0,0.375,16.5,18.0,I,0,1,7,7
34,18.25,64.0,9.0,0.25,18.0,18.5,IV,5,4,7,0
35,18.5,62.0,7.0,0.5,18.0,18.5,IV,5,4,7,0
36,19.0,59.0,4.0,0.125,18.5,20.0,I,0,1,7,7
37,19.125,59.0,4.0,0.25,18.5,20.0,I,0,1,7,7
38,19.375,57.0,2.0,0.125,18.5,20.0,I,0,1,7,7
39,19.5,59.0,4.0,0.0620000000000011,18.5,20.0,I,0,1,7,7
40,19.562,57.0,2.0,0.1879999999999988,18.5,20.0,I,0,1,7,7
41,19.75,59.0,4.0,0.125,18.5,20.0,I,0,1,7,7
42,19.875,55.0,0.0,0.375,18.5,20.0,I,0,1,7,7
43,20.25,60.0,5.0,0.25,20.0,20.5,IV,5,4,7,0
44,20.5,59.0,4.0,0.5,20.0,20.5,IV,5,4,7,0
45,21.0,59.0,4.0,0.125,20.5,22.0,I,0,1,7,7
46,21.125,59.0,4.0,0.25,20.5,22.0,I,0,1,7,7
47,21.375,57.0,2.0,0.125,20.5,22.0,I,0,1,7,7
48,21.5,59.0,4.0,0.0620000000000011,20.5,22.0,I,0,1,7,7
49,21.562,57.0,2.0,0.1879999999999988,20.5,22.0,I,0,1,7,7
50,21.75,59.0,4.0,0.125,20.5,22.0,I,0,1,7,7
51,21.875,55.0,0.0,0.625,20.5,22.0,I,0,1,7,7
52,22.5,57.0,2.0,0.125,22.0,23.0,V,7,5,7,2
53,22.625,54.0,11.0,0.375,22.0,23.0,V,7,5,7,2
54,23.0,55.0,0.0,3.875,22.0,23.0,V,7,5,7,2
55,26.875,67.0,0.0,0.125,26.5,27.0,I,0,1,7,7
56,27.0,67.0,0.0,0.25,26.5,27.0,I,0,1,7,7
57,27.25,66.0,11.0,0.25,27.0,29.0,IV,5,4,7,0
58,27.5,64.0,9.0,0.125,27.0,29.0,IV,5,4,7,0
59,27.625,64.0,9.0,0.125,27.0,29.0,IV,5,4,7,0
60,27.75,66.0,11.0,0.125,27.0,29.0,IV,5,4,7,0
61,27.875,66.0,11.0,0.125,27.0,29.0,IV,5,4,7,0
62,28.0,67.0,0.0,0.25,27.0,29.0,IV,5,4,7,0
63,28.25,66.0,11.0,0.125,27.0,29.0,IV,5,4,7,0
64,28.375,64.0,9.0,0.0629999999999988,27.0,29.0,IV,5,4,7,0
65,28.438,62.0,7.0,0.0620000000000011,27.0,29.0,IV,5,4,7,0
66,28.5,60.0,5.0,0.375,27.0,29.0,IV,5,4,7,0
67,28.875,62.0,7.0,0.125,27.0,29.0,IV,5,4,7,0
68,29.0,62.0,7.0,0.25,27.0,29.0,IV,5,4,7,0
69,29.25,60.0,5.0,0.25,29.0,31.0,I,0,1,7,7
70,29.5,59.0,4.0,0.25,29.0,31.0,I,0,1,7,7
71,29.75,60.0,5.0,0.125,29.0,31.0,I,0,1,7,7
72,29.875,62.0,7.0,1.0,29.0,31.0,I,0,1,7,7
73,30.875,67.0,0.0,0.125,29.0,31.0,I,0,1,7,7
74,31.0,67.0,0.0,0.25,29.0,31.0,I,0,1,7,7
75,31.25,66.0,11.0,0.125,31.0,33.0,IV,5,4,7,0
76,31.375,64.0,9.0,0.25,31.0,33.0,IV,5,4,7,0
77,31.625,66.0,11.0,0.375,31.0,33.0,IV,5,4,7,0
78,32.0,67.0,0.0,0.25,31.0,33.0,IV,5,4,7,0
79,32.25,66.0,11.0,0.125,31.0,33.0,IV,5,4,7,0
80,32.375,66.0,11.0,0.125,31.0,33.0,IV,5,4,7,0
81,32.5,64.0,9.0,0.125,31.0,33.0,IV,5,4,7,0
82,32.625,60.0,5.0,0.375,31.0,33.0,IV,5,4,7,0
83,33.0,59.0,4.0,0.125,31.0,33.0,IV,5,4,7,0
84,33.125,59.0,4.0,0.25,33.0,34.0,I,0,1,7,7
85,33.375,57.0,2.0,0.125,33.0,34.0,I,0,1,7,7
86,33.5,59.0,4.0,0.0619999999999976,33.0,34.0,I,0,1,7,7
87,33.562,57.0,2.0,0.1880000000000024,33.0,34.0,I,0,1,7,7
88,33.75,59.0,4.0,0.125,33.0,34.0,I,0,1,7,7
89,33.875,55.0,0.0,0.375,33.0,34.0,I,0,1,7,7
90,34.25,60.0,5.0,0.25,34.0,34.5,IV,5,4,7,0
91,34.5,59.0,4.0,0.5,34.0,34.5,IV,5,4,7,0
92,35.0,59.0,4.0,0.125,34.5,36.0,I,0,1,7,7
93,35.125,59.0,4.0,0.25,34.5,36.0,I,0,1,7,7
94,35.375,57.0,2.0,0.125,34.5,36.0,I,0,1,7,7
95,35.5,59.0,4.0,0.0619999999999976,34.5,36.0,I,0,1,7,7
96,35.562,57.0,2.0,0.1880000000000024,34.5,36.0,I,0,1,7,7
97,35.75,59.0,4.0,0.125,34.5,36.0,I,0,1,7,7
98,35.875,55.0,0.0,0.625,34.5,36.0,I,0,1,7,7
99,36.5,57.0,2.0,0.125,36.0,37.0,V,7,5,7,2
100,36.625,54.0,11.0,0.375,36.0,37.0,V,7,5,7,2
101,37.0,55.0,0.0,13.875,36.0,37.0,V,7,5,7,2
102,50.875,62.0,7.0,0.125,50.5,52.0,I,0,1,7,7
103,51.0,62.0,7.0,0.25,50.5,52.0,I,0,1,7,7
104,51.25,62.0,7.0,0.25,50.5,52.0,I,0,1,7,7
105,51.5,59.0,4.0,0.125,50.5,52.0,I,0,1,7,7
106,51.625,59.0,4.0,0.125,50.5,52.0,I,0,1,7,7
107,51.75,62.0,7.0,0.125,50.5,52.0,I,0,1,7,7
108,51.875,60.0,5.0,0.5,50.5,52.0,I,0,1,7,7
109,52.375,64.0,9.0,0.125,52.0,52.5,IV,5,4,7,0
110,52.5,62.0,7.0,0.5,52.0,52.5,IV,5,4,7,0
111,53.0,59.0,4.0,0.125,52.5,54.0,I,0,1,7,7
112,53.125,59.0,4.0,0.25,52.5,54.0,I,0,1,7,7
113,53.375,57.0,2.0,0.125,52.5,54.0,I,0,1,7,7
114,53.5,59.0,4.0,0.0619999999999976,52.5,54.0,I,0,1,7,7
115,53.562,57.0,2.0,0.1880000000000024,52.5,54.0,I,0,1,7,7
116,53.75,59.0,4.0,0.125,52.5,54.0,I,0,1,7,7
117,53.875,55.0,0.0,0.375,52.5,54.0,I,0,1,7,7
118,54.25,60.0,5.0,0.25,54.0,54.5,IV,5,4,7,0
119,54.5,59.0,4.0,0.5,54.0,54.5,IV,5,4,7,0
120,55.0,59.0,4.0,0.125,54.5,56.0,I,0,1,7,7
121,55.125,59.0,4.0,0.25,54.5,56.0,I,0,1,7,7
122,55.375,57.0,2.0,0.125,54.5,56.0,I,0,1,7,7
123,55.5,59.0,4.0,0.0619999999999976,54.5,56.0,I,0,1,7,7
124,55.562,57.0,2.0,0.1880000000000024,54.5,56.0,I,0,1,7,7
125,55.75,59.0,4.0,0.125,54.5,56.0,I,0,1,7,7
126,55.875,55.0,0.0,0.625,54.5,56.0,I,0,1,7,7
127,56.5,57.0,2.0,0.125,56.0,57.0,V,7,5,7,2
128,56.625,54.0,11.0,0.375,56.0,57.0,V,7,5,7,2
129,57.0,55.0,0.0,3.875,56.0,57.0,V,7,5,7,2
130,60.875,62.0,7.0,0.125,60.5,62.0,I,0,1,7,7
131,61.0,62.0,7.0,0.25,60.5,62.0,I,0,1,7,7
132,61.25,62.0,7.0,0.125,60.5,62.0,I,0,1,7,7
133,61.375,60.0,5.0,0.125,60.5,62.0,I,0,1,7,7
134,61.5,59.0,4.0,0.125,60.5,62.0,I,0,1,7,7
135,61.625,59.0,4.0,0.125,60.5,62.0,I,0,1,7,7
136,61.75,62.0,7.0,0.125,60.5,62.0,I,0,1,7,7
137,61.875,60.0,5.0,0.375,60.5,62.0,I,0,1,7,7
138,62.25,64.0,9.0,0.25,62.0,62.5,IV,5,4,7,0
139,62.5,62.0,7.0,0.5,62.0,62.5,IV,5,4,7,0
140,63.0,59.0,4.0,0.125,62.5,64.0,I,0,1,7,7
141,63.125,59.0,4.0,0.25,62.5,64.0,I,0,1,7,7
142,63.375,57.0,2.0,0.125,62.5,64.0,I,0,1,7,7
143,63.5,59.0,4.0,0.0619999999999976,62.5,64.0,I,0,1,7,7
144,63.562,57.0,2.0,0.1880000000000024,62.5,64.0,I,0,1,7,7
145,63.75,59.0,4.0,0.125,62.5,64.0,I,0,1,7,7
146,63.875,55.0,0.0,0.375,62.5,64.0,I,0,1,7,7
147,64.25,60.0,5.0,0.25,64.0,64.5,IV,5,4,7,0
148,64.5,59.0,4.0,0.5,64.0,64.5,IV,5,4,7,0
149,65.0,59.0,4.0,0.125,64.5,66.0,I,0,1,7,7
150,65.125,59.0,4.0,0.25,64.5,66.0,I,0,1,7,7
151,65.375,57.0,2.0,0.125,64.5,66.0,I,0,1,7,7
152,65.5,59.0,4.0,0.0619999999999976,64.5,66.0,I,0,1,7,7
153,65.562,57.0,2.0,0.1880000000000024,64.5,66.0,I,0,1,7,7
154,65.75,59.0,4.0,0.125,64.5,66.0,I,0,1,7,7
155,65.875,55.0,0.0,0.625,64.5,66.0,I,0,1,7,7
156,66.5,57.0,2.0,0.125,66.0,67.0,V,7,5,7,2
157,66.625,54.0,11.0,0.375,66.0,67.0,V,7,5,7,2
158,67.0,55.0,0.0,3.875,66.0,67.0,V,7,5,7,2
159,70.875,67.0,0.0,0.125,70.5,71.0,I,0,1,7,7
160,71.0,67.0,0.0,0.25,70.5,71.0,I,0,1,7,7
161,71.25,66.0,11.0,0.25,71.0,73.0,IV,5,4,7,0
162,71.5,64.0,9.0,0.125,71.0,73.0,IV,5,4,7,0
163,71.625,64.0,9.0,0.125,71.0,73.0,IV,5,4,7,0
164,71.75,66.0,11.0,0.125,71.0,73.0,IV,5,4,7,0
165,71.875,66.0,11.0,0.125,71.0,73.0,IV,5,4,7,0
166,72.0,67.0,0.0,0.25,71.0,73.0,IV,5,4,7,0
167,72.25,66.0,11.0,0.125,71.0,73.0,IV,5,4,7,0
168,72.375,64.0,9.0,0.0630000000000023,71.0,73.0,IV,5,4,7,0
169,72.438,62.0,7.0,0.0619999999999976,71.0,73.0,IV,5,4,7,0
170,72.5,60.0,5.0,0.375,71.0,73.0,IV,5,4,7,0
171,72.875,62.0,7.0,0.125,71.0,73.0,IV,5,4,7,0
172,73.0,62.0,7.0,0.25,71.0,73.0,IV,5,4,7,0
173,73.25,60.0,5.0,0.25,73.0,75.0,I,0,1,7,7
174,73.5,59.0,4.0,0.25,73.0,75.0,I,0,1,7,7
175,73.75,60.0,5.0,0.125,73.0,75.0,I,0,1,7,7
176,73.875,62.0,7.0,1.0,73.0,75.0,I,0,1,7,7
177,74.875,67.0,0.0,0.125,73.0,75.0,I,0,1,7,7
178,75.0,67.0,0.0,0.25,73.0,75.0,I,0,1,7,7
179,75.25,66.0,11.0,0.125,75.0,77.0,IV,5,4,7,0
180,75.375,64.0,9.0,0.25,75.0,77.0,IV,5,4,7,0
181,75.625,66.0,11.0,0.375,75.0,77.0,IV,5,4,7,0
182,76.0,67.0,0.0,0.25,75.0,77.0,IV,5,4,7,0
183,76.25,66.0,11.0,0.125,75.0,77.0,IV,5,4,7,0
184,76.375,66.0,11.0,0.125,75.0,77.0,IV,5,4,7,0
185,76.5,64.0,9.0,0.125,75.0,77.0,IV,5,4,7,0
186,76.625,60.0,5.0,0.375,75.0,77.0,IV,5,4,7,0
187,77.0,59.0,4.0,0.125,75.0,77.0,IV,5,4,7,0
188,77.125,59.0,4.0,0.25,77.0,78.0,I,0,1,7,7
189,77.375,57.0,2.0,0.125,77.0,78.0,I,0,1,7,7
190,77.5,59.0,4.0,0.0619999999999976,77.0,78.0,I,0,1,7,7
191,77.562,57.0,2.0,0.1880000000000024,77.0,78.0,I,0,1,7,7
192,77.75,59.0,4.0,0.125,77.0,78.0,I,0,1,7,7
193,77.875,55.0,0.0,0.375,77.0,78.0,I,0,1,7,7
194,78.25,60.0,5.0,0.25,78.0,78.5,IV,5,4,7,0
195,78.5,59.0,4.0,0.5,78.0,78.5,IV,5,4,7,0
196,79.0,59.0,4.0,0.125,78.5,80.0,I,0,1,7,7
197,79.125,59.0,4.0,0.25,78.5,80.0,I,0,1,7,7
198,79.375,57.0,2.0,0.125,78.5,80.0,I,0,1,7,7
199,79.5,59.0,4.0,0.0619999999999976,78.5,80.0,I,0,1,7,7
200,79.562,57.0,2.0,0.1880000000000024,78.5,80.0,I,0,1,7,7
201,79.75,59.0,4.0,0.125,78.5,80.0,I,0,1,7,7
202,79.875,55.0,0.0,0.625,78.5,80.0,I,0,1,7,7
203,80.5,57.0,2.0,0.125,80.0,81.0,V,7,5,7,2
204,80.625,54.0,11.0,0.375,80.0,81.0,V,7,5,7,2
