,time,note,scale degree,length,start,end,numeral,chromatic root,diatonic root,key,absolute root
0,4.0,67.0,0.0,0.125,3.0,4.0,bVII,10,7,7,5
1,4.125,67.0,0.0,0.375,4.0,7.0,I,0,1,7,7
2,4.5,65.0,10.0,0.375,4.0,7.0,I,0,1,7,7
3,4.875,65.0,10.0,0.125,4.0,7.0,I,0,1,7,7
4,5.0,62.0,7.0,0.125,4.0,7.0,I,0,1,7,7
5,5.125,60.0,5.0,0.625,4.0,7.0,I,0,1,7,7
6,5.75,58.0,3.0,2.5,4.0,7.0,I,0,1,7,7
7,8.25,55.0,0.0,0.125,8.0,11.0,I,0,1,7,7
8,8.375,55.0,0.0,0.125,8.0,11.0,I,0,1,7,7
9,8.5,55.0,0.0,0.375,8.0,11.0,I,0,1,7,7
10,8.875,50.0,7.0,0.25,8.0,11.0,I,0,1,7,7
11,9.125,53.0,10.0,0.125,8.0,11.0,I,0,1,7,7
12,9.25,55.0,0.0,0.125,8.0,11.0,I,0,1,7,7
13,9.375,55.0,0.0,2.625,8.0,11.0,I,0,1,7,7
14,12.0,67.0,0.0,0.25,11.0,12.0,bVII,10,7,7,5
15,12.25,67.0,0.0,0.25,12.0,15.0,I,0,1,7,7
16,12.5,65.0,10.0,0.375,12.0,15.0,I,0,1,7,7
17,12.875,61.0,6.0,0.125,12.0,15.0,I,0,1,7,7
18,13.0,62.0,7.0,0.375,12.0,15.0,I,0,1,7,7
19,13.375,60.0,5.0,0.875,12.0,15.0,I,0,1,7,7
20,14.25,58.0,3.0,1.75,12.0,15.0,I,0,1,7,7
21,16.0,55.0,0.0,0.125,15.0,16.0,bVII,10,7,7,5
22,16.125,55.0,0.0,0.375,16.0,19.0,I,0,1,7,7
23,16.5,55.0,0.0,0.25,16.0,19.0,I,0,1,7,7
24,16.75,50.0,7.0,0.125,16.0,19.0,I,0,1,7,7
25,16.875,53.0,10.0,0.25,16.0,19.0,I,0,1,7,7
26,17.125,53.0,10.0,0.125,16.0,19.0,I,0,1,7,7
27,17.25,55.0,0.0,0.125,16.0,19.0,I,0,1,7,7
28,17.375,55.0,0.0,2.0,16.0,19.0,I,0,1,7,7
29,19.375,67.0,0.0,0.25,19.0,20.0,bVII,10,7,7,5
30,19.625,67.0,0.0,0.125,19.0,20.0,bVII,10,7,7,5
31,19.75,65.0,10.0,0.125,19.0,20.0,bVII,10,7,7,5
32,19.875,67.0,0.0,0.375,19.0,20.0,bVII,10,7,7,5
33,20.25,58.0,3.0,1.125,20.0,27.0,I,0,1,7,7
34,21.375,60.0,5.0,0.375,20.0,27.0,I,0,1,7,7
35,21.75,60.0,5.0,0.125,20.0,27.0,I,0,1,7,7
36,21.875,59.0,4.0,0.125,20.0,27.0,I,0,1,7,7
37,22.0,60.0,5.0,0.25,20.0,27.0,I,0,1,7,7
38,22.25,59.0,4.0,0.25,20.0,27.0,I,0,1,7,7
39,22.5,55.0,0.0,0.25,20.0,27.0,I,0,1,7,7
40,22.75,55.0,0.0,1.5,20.0,27.0,I,0,1,7,7
41,24.25,55.0,0.0,0.125,20.0,27.0,I,0,1,7,7
42,24.375,59.0,4.0,0.25,20.0,27.0,I,0,1,7,7
43,24.625,59.0,4.0,0.125,20.0,27.0,I,0,1,7,7
44,24.75,60.0,5.0,1.0,20.0,27.0,I,0,1,7,7
45,25.75,60.0,5.0,0.25,20.0,27.0,I,0,1,7,7
46,26.0,59.0,4.0,0.25,20.0,27.0,I,0,1,7,7
47,26.25,55.0,0.0,1.75,20.0,27.0,I,0,1,7,7
48,28.0,55.0,0.0,0.25,27.0,28.0,bVII,10,7,7,5
49,28.25,55.0,0.0,0.125,28.0,31.0,I,0,1,7,7
50,28.375,55.0,0.0,0.125,28.0,31.0,I,0,1,7,7
51,28.5,55.0,0.0,0.25,28.0,31.0,I,0,1,7,7
52,28.75,50.0,7.0,0.25,28.0,31.0,I,0,1,7,7
53,29.0,53.0,10.0,0.125,28.0,31.0,I,0,1,7,7
54,29.125,55.0,0.0,0.75,28.0,31.0,I,0,1,7,7
55,29.875,53.0,10.0,1.75,28.0,31.0,I,0,1,7,7
56,31.625,55.0,0.0,0.375,31.0,32.0,bVII,10,7,7,5
57,32.0,67.0,0.0,0.25,31.0,32.0,bVII,10,7,7,5
58,32.25,67.0,0.0,0.125,32.0,35.0,I,0,1,7,7
59,32.375,62.0,7.0,0.125,32.0,35.0,I,0,1,7,7
60,32.5,65.0,10.0,0.25,32.0,35.0,I,0,1,7,7
61,32.75,60.0,5.0,0.125,32.0,35.0,I,0,1,7,7
62,32.875,62.0,7.0,0.75,32.0,35.0,I,0,1,7,7
63,33.625,61.0,6.0,0.375,32.0,35.0,I,0,1,7,7
64,34.0,60.0,5.0,0.375,32.0,35.0,I,0,1,7,7
65,34.375,59.0,4.0,1.25,32.0,35.0,I,0,1,7,7
66,35.625,58.0,3.0,0.125,35.0,36.0,bVII,10,7,7,5
67,35.75,58.0,3.0,0.25,35.0,36.0,bVII,10,7,7,5
68,36.0,55.0,0.0,0.25,35.0,36.0,bVII,10,7,7,5
69,36.25,55.0,0.0,0.25,36.0,39.0,I,0,1,7,7
70,36.5,55.0,0.0,0.25,36.0,39.0,I,0,1,7,7
71,36.75,50.0,7.0,1.0,36.0,39.0,I,0,1,7,7
72,37.75,53.0,10.0,0.25,36.0,39.0,I,0,1,7,7
73,38.0,55.0,0.0,0.125,36.0,39.0,I,0,1,7,7
74,38.125,53.0,10.0,0.375,36.0,39.0,I,0,1,7,7
75,38.5,55.0,0.0,1.0,36.0,39.0,I,0,1,7,7
76,39.5,60.0,5.0,0.25,39.0,40.0,bVII,10,7,7,5
77,39.75,62.0,7.0,0.125,39.0,40.0,bVII,10,7,7,5
78,39.875,60.0,5.0,0.125,39.0,40.0,bVII,10,7,7,5
79,40.0,62.0,7.0,0.25,39.0,40.0,bVII,10,7,7,5
80,40.25,62.0,7.0,1.0,40.0,47.0,I,0,1,7,7
81,41.25,65.0,10.0,0.125,40.0,47.0,I,0,1,7,7
82,41.375,67.0,0.0,0.25,40.0,47.0,I,0,1,7,7
83,41.625,67.0,0.0,0.125,40.0,47.0,I,0,1,7,7
84,41.75,65.0,10.0,0.125,40.0,47.0,I,0,1,7,7
85,41.875,67.0,0.0,0.375,40.0,47.0,I,0,1,7,7
86,42.25,53.0,10.0,0.25,40.0,47.0,I,0,1,7,7
87,42.5,55.0,0.0,0.25,40.0,47.0,I,0,1,7,7
88,42.75,55.0,0.0,21.5,40.0,47.0,I,0,1,7,7
89,64.25,57.0,0.0,0.125,64.0,67.0,I,0,1,9,9
90,64.375,61.0,4.0,0.25,64.0,67.0,I,0,1,9,9
91,64.625,61.0,4.0,0.125,64.0,67.0,I,0,1,9,9
92,64.75,62.0,5.0,1.0,64.0,67.0,I,0,1,9,9
93,65.75,62.0,5.0,0.25,64.0,67.0,I,0,1,9,9
94,66.0,61.0,4.0,0.25,64.0,67.0,I,0,1,9,9
95,66.25,57.0,0.0,1.75,64.0,67.0,I,0,1,9,9
96,68.0,57.0,0.0,0.25,67.0,68.0,bVII,10,7,9,7
97,68.25,57.0,0.0,0.125,68.0,71.0,I,0,1,9,9
98,68.375,57.0,0.0,0.375,68.0,71.0,I,0,1,9,9
99,68.75,57.0,0.0,0.25,68.0,71.0,I,0,1,9,9
100,69.0,52.0,7.0,0.25,68.0,71.0,I,0,1,9,9
101,69.25,55.0,10.0,0.125,68.0,71.0,I,0,1,9,9
102,69.375,57.0,0.0,1.875,68.0,71.0,I,0,1,9,9
103,71.25,57.0,0.0,0.75,71.0,72.0,bVII,10,7,9,7
104,72.0,69.0,0.0,0.375,71.0,72.0,bVII,10,7,9,7
105,72.375,67.0,10.0,0.375,72.0,75.0,I,0,1,9,9
106,72.75,64.0,7.0,0.625,72.0,75.0,I,0,1,9,9
107,73.375,62.0,5.0,0.375,72.0,75.0,I,0,1,9,9
108,73.75,61.0,4.0,0.25,72.0,75.0,I,0,1,9,9
109,74.0,62.0,5.0,0.5,72.0,75.0,I,0,1,9,9
110,74.5,60.0,3.0,1.5,72.0,75.0,I,0,1,9,9
111,76.0,57.0,0.0,0.25,75.0,76.0,bVII,10,7,9,7
112,76.25,57.0,0.0,0.25,76.0,79.0,I,0,1,9,9
113,76.5,57.0,0.0,0.25,76.0,79.0,I,0,1,9,9
114,76.75,52.0,7.0,0.375,76.0,79.0,I,0,1,9,9
115,77.125,55.0,10.0,0.25,76.0,79.0,I,0,1,9,9
116,77.375,57.0,0.0,0.125,76.0,79.0,I,0,1,9,9
117,77.5,55.0,10.0,0.375,76.0,79.0,I,0,1,9,9
118,77.875,57.0,0.0,1.25,76.0,79.0,I,0,1,9,9
119,79.125,69.0,0.0,0.125,79.0,80.0,bVII,10,7,9,7
120,79.25,67.0,10.0,0.125,79.0,80.0,bVII,10,7,9,7
121,79.375,69.0,0.0,0.25,79.0,80.0,bVII,10,7,9,7
122,79.625,69.0,0.0,0.125,79.0,80.0,bVII,10,7,9,7
123,79.75,67.0,10.0,0.125,79.0,80.0,bVII,10,7,9,7
124,79.875,69.0,0.0,0.375,79.0,80.0,bVII,10,7,9,7
125,80.25,61.0,4.0,0.875,80.0,81.0,I,0,1,9,9
126,81.125,62.0,5.0,0.125,81.0,82.0,bVII,10,7,9,7
127,81.25,61.0,4.0,0.125,81.0,82.0,bVII,10,7,9,7
128,81.375,62.0,5.0,0.25,81.0,82.0,bVII,10,7,9,7
129,81.625,62.0,5.0,0.125,81.0,82.0,bVII,10,7,9,7
130,81.75,61.0,4.0,0.125,81.0,82.0,bVII,10,7,9,7
131,81.875,62.0,5.0,0.375,81.0,82.0,bVII,10,7,9,7
132,82.25,61.0,4.0,0.25,82.0,83.0,I,0,1,9,9
133,82.5,57.0,0.0,0.25,82.0,83.0,I,0,1,9,9
134,82.75,57.0,0.0,1.5,82.0,83.0,I,0,1,9,9
135,84.25,57.0,0.0,0.375,84.0,85.0,I,0,1,9,9
136,84.625,57.0,0.0,1.0,84.0,85.0,I,0,1,9,9
137,85.625,57.0,0.0,0.25,85.0,86.0,bVII,10,7,9,7
138,85.875,55.0,10.0,0.125,85.0,86.0,bVII,10,7,9,7
139,86.0,57.0,0.0,0.25,85.0,86.0,bVII,10,7,9,7
140,86.25,60.0,3.0,0.5,86.0,87.0,I,0,1,9,9
141,86.75,57.0,0.0,0.375,86.0,87.0,I,0,1,9,9
142,87.125,57.0,0.0,0.375,87.0,88.0,bVII,10,7,9,7
143,87.5,57.0,0.0,0.75,87.0,88.0,bVII,10,7,9,7
144,88.25,58.0,0.0,1.5,88.0,89.0,I,0,1,10,10
145,89.75,60.0,2.0,0.125,89.0,90.0,bVII,10,7,10,8
146,89.875,58.0,0.0,0.125,89.0,90.0,bVII,10,7,10,8
147,90.0,58.0,0.0,0.25,89.0,90.0,bVII,10,7,10,8
148,90.25,58.0,0.0,1.75,90.0,91.0,I,0,1,10,10
149,92.0,70.0,0.0,0.125,91.0,92.0,bVII,10,7,10,8
150,92.125,70.0,0.0,0.375,92.0,95.0,I,0,1,10,10
151,92.5,68.0,10.0,0.375,92.0,95.0,I,0,1,10,10
152,92.875,63.0,5.0,0.125,92.0,95.0,I,0,1,10,10
153,93.0,65.0,7.0,0.125,92.0,95.0,I,0,1,10,10
154,93.125,63.0,5.0,0.5,92.0,95.0,I,0,1,10,10
155,93.625,61.0,3.0,2.5,92.0,95.0,I,0,1,10,10
156,96.125,58.0,0.0,0.25,96.0,99.0,I,0,1,10,10
157,96.375,58.0,0.0,0.125,96.0,99.0,I,0,1,10,10
158,96.5,58.0,0.0,0.25,96.0,99.0,I,0,1,10,10
159,96.75,53.0,7.0,0.625,96.0,99.0,I,0,1,10,10
160,97.375,56.0,10.0,0.25,96.0,99.0,I,0,1,10,10
161,97.625,58.0,0.0,0.125,96.0,99.0,I,0,1,10,10
162,97.75,58.0,0.0,2.25,96.0,99.0,I,0,1,10,10
163,100.0,70.0,0.0,0.25,99.0,100.0,bVII,10,7,10,8
164,100.25,70.0,0.0,0.25,100.0,103.0,I,0,1,10,10
165,100.5,68.0,10.0,0.25,100.0,103.0,I,0,1,10,10
166,100.75,63.0,5.0,0.125,100.0,103.0,I,0,1,10,10
167,100.875,65.0,7.0,0.375,100.0,103.0,I,0,1,10,10
168,101.25,60.0,2.0,0.625,100.0,103.0,I,0,1,10,10
169,101.875,61.0,3.0,2.125,100.0,103.0,I,0,1,10,10
170,104.0,61.0,3.0,0.125,103.0,104.0,bVII,10,7,10,8
171,104.125,58.0,0.0,0.375,104.0,107.0,I,0,1,10,10
172,104.5,58.0,0.0,0.25,104.0,107.0,I,0,1,10,10
173,104.75,53.0,7.0,0.125,104.0,107.0,I,0,1,10,10
174,104.875,56.0,10.0,0.25,104.0,107.0,I,0,1,10,10
175,105.125,56.0,10.0,0.125,104.0,107.0,I,0,1,10,10
176,105.25,58.0,0.0,0.125,104.0,107.0,I,0,1,10,10
177,105.375,58.0,0.0,2.0,104.0,107.0,I,0,1,10,10
178,107.375,70.0,0.0,0.375,107.0,108.0,bVII,10,7,10,8
179,107.75,70.0,0.0,0.125,107.0,108.0,bVII,10,7,10,8
180,107.875,68.0,10.0,0.125,107.0,108.0,bVII,10,7,10,8
181,108.0,70.0,0.0,0.375,107.0,108.0,bVII,10,7,10,8
182,108.375,61.0,3.0,0.75,108.0,109.0,I,0,1,10,10
183,109.125,63.0,5.0,0.125,109.0,110.0,bVII,10,7,10,8
184,109.25,61.0,3.0,0.125,109.0,110.0,bVII,10,7,10,8
185,109.375,63.0,5.0,0.25,109.0,110.0,bVII,10,7,10,8
186,109.625,63.0,5.0,0.125,109.0,110.0,bVII,10,7,10,8
187,109.75,61.0,3.0,0.125,109.0,110.0,bVII,10,7,10,8
188,109.875,63.0,5.0,0.375,109.0,110.0,bVII,10,7,10,8
189,110.25,62.0,4.0,0.25,110.0,111.0,I,0,1,10,10
190,110.5,58.0,0.0,0.25,110.0,111.0,I,0,1,10,10
191,110.75,58.0,0.0,25.75,110.0,111.0,I,0,1,10,10
192,136.5,70.0,10.0,0.125,136.0,137.0,I,0,1,0,0
193,136.625,72.0,0.0,0.125,136.0,137.0,I,0,1,0,0
194,136.75,70.0,10.0,0.125,136.0,137.0,I,0,1,0,0
195,136.875,72.0,0.0,1.375,136.0,137.0,I,0,1,0,0
196,138.25,55.0,7.0,0.25,138.0,139.0,I,0,1,0,0
197,138.5,67.0,7.0,0.25,138.0,139.0,I,0,1,0,0
198,138.75,65.0,5.0,0.125,138.0,139.0,I,0,1,0,0
199,138.875,63.0,3.0,0.125,138.0,139.0,I,0,1,0,0
200,139.0,65.0,5.0,0.25,138.0,139.0,I,0,1,0,0
201,139.25,63.0,3.0,0.125,139.0,140.0,ii65,2,2,0,2
202,139.375,60.0,0.0,0.875,139.0,140.0,ii65,2,2,0,2
203,140.25,55.0,7.0,0.25,140.0,141.0,I,0,1,0,0
204,140.5,67.0,7.0,0.25,140.0,141.0,I,0,1,0,0
205,140.75,65.0,5.0,0.125,140.0,141.0,I,0,1,0,0
206,140.875,63.0,3.0,0.125,140.0,141.0,I,0,1,0,0
207,141.0,65.0,5.0,0.25,140.0,141.0,I,0,1,0,0
208,141.25,63.0,3.0,0.125,141.0,142.0,ii65,2,2,0,2
209,141.375,60.0,0.0,0.875,141.0,142.0,ii65,2,2,0,2
210,142.25,67.0,7.0,0.25,142.0,143.0,I,0,1,0,0
211,142.5,67.0,7.0,0.25,142.0,143.0,I,0,1,0,0
212,142.75,65.0,5.0,0.125,142.0,143.0,I,0,1,0,0
213,142.875,63.0,3.0,0.125,142.0,143.0,I,0,1,0,0
214,143.0,65.0,5.0,0.25,142.0,143.0,I,0,1,0,0
215,143.25,63.0,3.0,0.25,143.0,144.0,ii65,2,2,0,2
216,143.5,60.0,0.0,0.25,143.0,144.0,ii65,2,2,0,2
217,143.75,60.0,0.0,1.5,143.0,144.0,ii65,2,2,0,2
218,145.25,60.0,0.0,0.25,145.0,146.0,ii65,2,2,0,2
219,145.5,60.0,0.0,0.25,145.0,146.0,ii65,2,2,0,2
220,145.75,60.0,0.0,0.125,145.0,146.0,ii65,2,2,0,2
221,145.875,58.0,10.0,0.125,145.0,146.0,ii65,2,2,0,2
222,146.0,60.0,0.0,0.25,145.0,146.0,ii65,2,2,0,2
223,146.25,48.0,0.0,1.0,146.0,147.0,I,0,1,0,0
224,147.25,72.0,0.0,0.25,147.0,148.0,ii65,2,2,0,2
225,147.5,72.0,0.0,0.25,147.0,148.0,ii65,2,2,0,2
226,147.75,72.0,0.0,0.125,147.0,148.0,ii65,2,2,0,2
227,147.875,70.0,10.0,0.125,147.0,148.0,ii65,2,2,0,2
228,148.0,72.0,0.0,0.25,147.0,148.0,ii65,2,2,0,2
229,148.25,60.0,0.0,1.0,148.0,149.0,I,0,1,0,0
230,149.25,60.0,0.0,0.25,149.0,150.0,ii65,2,2,0,2
231,149.5,60.0,0.0,0.25,149.0,150.0,ii65,2,2,0,2
232,149.75,60.0,0.0,0.125,149.0,150.0,ii65,2,2,0,2
233,149.875,58.0,10.0,0.125,149.0,150.0,ii65,2,2,0,2
234,150.0,60.0,0.0,0.25,149.0,150.0,ii65,2,2,0,2
235,150.25,48.0,0.0,1.0,150.0,151.0,I,0,1,0,0
236,151.25,60.0,0.0,0.25,151.0,152.0,ii65,2,2,0,2
237,151.5,60.0,0.0,0.25,151.0,152.0,ii65,2,2,0,2
238,151.75,60.0,0.0,0.125,151.0,152.0,ii65,2,2,0,2
239,151.875,58.0,10.0,0.125,151.0,152.0,ii65,2,2,0,2
240,152.0,60.0,0.0,0.25,151.0,152.0,ii65,2,2,0,2
