,time,note,scale degree,length,start,end,numeral,chromatic root,diatonic root,key,absolute root
0,3.25,62.0,7.0,0.25,3.0,4.5,I,0,1,7,7
1,3.5,62.0,7.0,0.25,3.0,4.5,I,0,1,7,7
2,3.75,67.0,0.0,0.25,3.0,4.5,I,0,1,7,7
3,4.0,64.0,9.0,0.25,3.0,4.5,I,0,1,7,7
4,4.25,64.0,9.0,0.25,3.0,4.5,I,0,1,7,7
5,4.5,62.0,7.0,0.125,3.0,4.5,I,0,1,7,7
6,4.625,64.0,9.0,0.125,4.5,5.0,V,7,5,7,2
7,4.75,62.0,7.0,0.25,4.5,5.0,V,7,5,7,2
8,5.0,59.0,4.0,0.5,4.5,5.0,V,7,5,7,2
9,5.5,59.0,4.0,0.375,5.0,5.5,I,0,1,7,7
10,5.875,62.0,7.0,0.125,5.5,6.0,V,7,5,7,2
11,6.0,59.0,4.0,1.25,5.5,6.0,V,7,5,7,2
12,7.25,62.0,7.0,0.25,7.0,7.5,I,0,1,7,7
13,7.5,62.0,7.0,0.25,7.0,7.5,I,0,1,7,7
14,7.75,67.0,0.0,0.25,7.5,8.0,V,7,5,7,2
15,8.0,64.0,9.0,0.25,7.5,8.0,V,7,5,7,2
16,8.25,64.0,9.0,0.25,8.0,8.5,I,0,1,7,7
17,8.5,62.0,7.0,0.125,8.0,8.5,I,0,1,7,7
18,8.625,64.0,9.0,0.125,8.5,9.0,V,7,5,7,2
19,8.75,62.0,7.0,0.25,8.5,9.0,V,7,5,7,2
20,9.0,59.0,4.0,0.25,8.5,9.0,V,7,5,7,2
21,9.25,59.0,4.0,0.25,9.0,9.5,I,0,1,7,7
22,9.5,59.0,4.0,0.375,9.0,9.5,I,0,1,7,7
23,9.875,62.0,7.0,0.25,9.5,10.0,V,7,5,7,2
24,10.125,57.0,2.0,0.125,10.0,10.5,I,0,1,7,7
25,10.25,59.0,4.0,1.0,10.0,10.5,I,0,1,7,7
26,11.25,59.0,4.0,0.25,11.0,11.5,I,0,1,7,7
27,11.5,59.0,4.0,0.25,11.0,11.5,I,0,1,7,7
28,11.75,62.0,7.0,0.25,11.5,12.0,V,7,5,7,2
29,12.0,58.0,3.0,0.25,11.5,12.0,V,7,5,7,2
30,12.25,59.0,4.0,1.0,12.0,14.0,vi,9,6,7,4
31,13.25,55.0,0.0,0.25,12.0,14.0,vi,9,6,7,4
32,13.5,59.0,4.0,0.375,12.0,14.0,vi,9,6,7,4
33,13.875,57.0,2.0,0.25,12.0,14.0,vi,9,6,7,4
34,14.125,55.0,0.0,1.375,14.0,15.0,IV,5,4,7,0
35,15.5,62.0,7.0,0.25,15.0,16.0,V,7,5,7,2
36,15.75,67.0,0.0,0.25,15.0,16.0,V,7,5,7,2
37,16.0,64.0,9.0,0.25,15.0,16.0,V,7,5,7,2
38,16.25,64.0,9.0,0.25,16.0,16.5,I,0,1,7,7
39,16.5,62.0,7.0,0.125,16.0,16.5,I,0,1,7,7
40,16.625,64.0,9.0,0.125,16.5,17.0,V,7,5,7,2
41,16.75,62.0,7.0,0.25,16.5,17.0,V,7,5,7,2
42,17.0,59.0,4.0,0.25,16.5,17.0,V,7,5,7,2
43,17.25,59.0,4.0,0.25,17.0,17.5,I,0,1,7,7
44,17.5,59.0,4.0,0.375,17.0,17.5,I,0,1,7,7
45,17.875,62.0,7.0,0.125,17.5,18.0,V,7,5,7,2
46,18.0,57.0,2.0,0.25,17.5,18.0,V,7,5,7,2
47,18.25,59.0,4.0,1.0,18.0,18.5,I,0,1,7,7
48,19.25,55.0,0.0,0.25,19.0,20.5,I,0,1,7,7
49,19.5,59.0,4.0,0.125,19.0,20.5,I,0,1,7,7
50,19.625,62.0,7.0,0.125,19.0,20.5,I,0,1,7,7
51,19.75,59.0,4.0,0.0620000000000011,19.0,20.5,I,0,1,7,7
52,19.812,57.0,2.0,0.0629999999999988,19.0,20.5,I,0,1,7,7
53,19.875,55.0,0.0,0.1870000000000011,19.0,20.5,I,0,1,7,7
54,20.062,55.0,0.0,1.0629999999999988,19.0,20.5,I,0,1,7,7
55,21.125,55.0,0.0,0.125,21.0,21.5,I,0,1,7,7
56,21.25,55.0,0.0,0.125,21.0,21.5,I,0,1,7,7
57,21.375,55.0,0.0,0.125,21.0,21.5,I,0,1,7,7
58,21.5,57.0,2.0,0.125,21.0,21.5,I,0,1,7,7
59,21.625,58.0,3.0,0.125,21.5,22.0,IV,5,4,7,0
60,21.75,57.0,2.0,0.25,21.5,22.0,IV,5,4,7,0
61,22.0,55.0,0.0,1.125,21.5,22.0,IV,5,4,7,0
62,23.125,55.0,0.0,0.125,23.0,23.5,I,0,1,7,7
63,23.25,55.0,0.0,0.125,23.0,23.5,I,0,1,7,7
64,23.375,55.0,0.0,0.125,23.0,23.5,I,0,1,7,7
65,23.5,57.0,2.0,0.125,23.0,23.5,I,0,1,7,7
66,23.625,59.0,4.0,0.125,23.5,24.5,IV,5,4,7,0
67,23.75,57.0,2.0,0.125,23.5,24.5,IV,5,4,7,0
68,23.875,55.0,0.0,0.125,23.5,24.5,IV,5,4,7,0
69,24.0,55.0,0.0,0.25,23.5,24.5,IV,5,4,7,0
70,24.25,55.0,0.0,0.125,23.5,24.5,IV,5,4,7,0
71,24.375,55.0,0.0,0.125,23.5,24.5,IV,5,4,7,0
72,24.5,57.0,2.0,0.125,23.5,24.5,IV,5,4,7,0
73,24.625,59.0,4.0,0.125,24.5,25.5,vi,9,6,7,4
74,24.75,57.0,2.0,0.125,24.5,25.5,vi,9,6,7,4
75,24.875,55.0,0.0,0.125,24.5,25.5,vi,9,6,7,4
76,25.0,55.0,0.0,0.125,24.5,25.5,vi,9,6,7,4
77,25.125,52.0,9.0,0.25,24.5,25.5,vi,9,6,7,4
78,25.375,55.0,0.0,0.125,24.5,25.5,vi,9,6,7,4
79,25.5,57.0,2.0,0.125,24.5,25.5,vi,9,6,7,4
80,25.625,58.0,3.0,0.125,25.5,26.0,V,7,5,7,2
81,25.75,57.0,2.0,0.125,25.5,26.0,V,7,5,7,2
82,25.875,55.0,0.0,0.125,25.5,26.0,V,7,5,7,2
83,26.0,55.0,0.0,1.25,25.5,26.0,V,7,5,7,2
84,27.25,62.0,7.0,0.25,27.0,28.5,I,0,1,7,7
85,27.5,62.0,7.0,0.25,27.0,28.5,I,0,1,7,7
86,27.75,67.0,0.0,0.25,27.0,28.5,I,0,1,7,7
87,28.0,64.0,9.0,0.25,27.0,28.5,I,0,1,7,7
88,28.25,64.0,9.0,0.25,27.0,28.5,I,0,1,7,7
89,28.5,62.0,7.0,0.125,27.0,28.5,I,0,1,7,7
90,28.625,64.0,9.0,0.125,28.5,29.0,V,7,5,7,2
91,28.75,62.0,7.0,0.25,28.5,29.0,V,7,5,7,2
92,29.0,59.0,4.0,0.5,28.5,29.0,V,7,5,7,2
93,29.5,59.0,4.0,0.375,29.0,29.5,I,0,1,7,7
94,29.875,62.0,7.0,0.125,29.5,30.0,V,7,5,7,2
95,30.0,59.0,4.0,1.25,29.5,30.0,V,7,5,7,2
96,31.25,62.0,7.0,0.25,31.0,31.5,I,0,1,7,7
97,31.5,62.0,7.0,0.25,31.0,31.5,I,0,1,7,7
98,31.75,67.0,0.0,0.25,31.5,32.0,V,7,5,7,2
99,32.0,64.0,9.0,0.25,31.5,32.0,V,7,5,7,2
100,32.25,64.0,9.0,0.25,32.0,32.5,I,0,1,7,7
101,32.5,62.0,7.0,0.125,32.0,32.5,I,0,1,7,7
102,32.625,64.0,9.0,0.125,32.5,33.0,V,7,5,7,2
103,32.75,62.0,7.0,0.25,32.5,33.0,V,7,5,7,2
104,33.0,59.0,4.0,0.25,32.5,33.0,V,7,5,7,2
105,33.25,59.0,4.0,0.25,33.0,33.5,I,0,1,7,7
106,33.5,59.0,4.0,0.375,33.0,33.5,I,0,1,7,7
107,33.875,62.0,7.0,0.25,33.5,34.0,V,7,5,7,2
108,34.125,57.0,2.0,0.125,34.0,34.5,I,0,1,7,7
109,34.25,59.0,4.0,1.0,34.0,34.5,I,0,1,7,7
110,35.25,59.0,4.0,0.25,35.0,35.5,I,0,1,7,7
111,35.5,59.0,4.0,0.25,35.0,35.5,I,0,1,7,7
112,35.75,62.0,7.0,0.25,35.5,36.0,V,7,5,7,2
113,36.0,58.0,3.0,0.25,35.5,36.0,V,7,5,7,2
114,36.25,59.0,4.0,1.0,36.0,38.0,vi,9,6,7,4
115,37.25,55.0,0.0,0.25,36.0,38.0,vi,9,6,7,4
116,37.5,59.0,4.0,0.375,36.0,38.0,vi,9,6,7,4
117,37.875,57.0,2.0,0.25,36.0,38.0,vi,9,6,7,4
118,38.125,55.0,0.0,1.375,38.0,39.0,IV,5,4,7,0
119,39.5,62.0,7.0,0.25,39.0,40.0,V,7,5,7,2
120,39.75,67.0,0.0,0.25,39.0,40.0,V,7,5,7,2
121,40.0,64.0,9.0,0.25,39.0,40.0,V,7,5,7,2
122,40.25,64.0,9.0,0.25,40.0,40.5,I,0,1,7,7
123,40.5,62.0,7.0,0.125,40.0,40.5,I,0,1,7,7
124,40.625,64.0,9.0,0.125,40.5,41.0,V,7,5,7,2
125,40.75,62.0,7.0,0.25,40.5,41.0,V,7,5,7,2
126,41.0,59.0,4.0,0.25,40.5,41.0,V,7,5,7,2
127,41.25,59.0,4.0,0.25,41.0,41.5,I,0,1,7,7
128,41.5,59.0,4.0,0.375,41.0,41.5,I,0,1,7,7
129,41.875,62.0,7.0,0.125,41.5,42.0,V,7,5,7,2
130,42.0,57.0,2.0,0.25,41.5,42.0,V,7,5,7,2
131,42.25,59.0,4.0,1.0,42.0,42.5,I,0,1,7,7
132,43.25,55.0,0.0,0.125,43.0,44.5,I,0,1,7,7
133,43.375,55.0,0.0,0.125,43.0,44.5,I,0,1,7,7
134,43.5,59.0,4.0,0.125,43.0,44.5,I,0,1,7,7
135,43.625,62.0,7.0,0.125,43.0,44.5,I,0,1,7,7
136,43.75,59.0,4.0,0.125,43.0,44.5,I,0,1,7,7
137,43.875,57.0,2.0,0.0630000000000023,43.0,44.5,I,0,1,7,7
138,43.938,55.0,0.0,0.1239999999999952,43.0,44.5,I,0,1,7,7
139,44.062,55.0,0.0,1.0630000000000024,43.0,44.5,I,0,1,7,7
140,45.125,55.0,0.0,0.125,45.0,45.5,I,0,1,7,7
141,45.25,55.0,0.0,0.125,45.0,45.5,I,0,1,7,7
142,45.375,55.0,0.0,0.125,45.0,45.5,I,0,1,7,7
143,45.5,57.0,2.0,0.125,45.0,45.5,I,0,1,7,7
144,45.625,58.0,3.0,0.125,45.5,46.0,IV,5,4,7,0
145,45.75,57.0,2.0,0.125,45.5,46.0,IV,5,4,7,0
146,45.875,55.0,0.0,0.25,45.5,46.0,IV,5,4,7,0
147,46.125,55.0,0.0,1.0,46.0,46.5,I,0,1,7,7
148,47.125,55.0,0.0,0.25,47.0,47.5,I,0,1,7,7
149,47.375,55.0,0.0,0.125,47.0,47.5,I,0,1,7,7
150,47.5,57.0,2.0,0.125,47.0,47.5,I,0,1,7,7
151,47.625,59.0,4.0,0.125,47.5,48.5,IV,5,4,7,0
152,47.75,57.0,2.0,0.125,47.5,48.5,IV,5,4,7,0
153,47.875,55.0,0.0,0.125,47.5,48.5,IV,5,4,7,0
154,48.0,55.0,0.0,0.25,47.5,48.5,IV,5,4,7,0
155,48.25,55.0,0.0,0.125,47.5,48.5,IV,5,4,7,0
156,48.375,55.0,0.0,0.125,47.5,48.5,IV,5,4,7,0
157,48.5,57.0,2.0,0.125,47.5,48.5,IV,5,4,7,0
158,48.625,59.0,4.0,0.125,48.5,49.5,vi,9,6,7,4
159,48.75,57.0,2.0,0.125,48.5,49.5,vi,9,6,7,4
160,48.875,55.0,0.0,0.125,48.5,49.5,vi,9,6,7,4
161,49.0,55.0,0.0,0.125,48.5,49.5,vi,9,6,7,4
162,49.125,52.0,9.0,0.25,48.5,49.5,vi,9,6,7,4
163,49.375,55.0,0.0,0.125,48.5,49.5,vi,9,6,7,4
164,49.5,57.0,2.0,0.125,48.5,49.5,vi,9,6,7,4
165,49.625,59.0,4.0,0.125,49.5,50.0,V,7,5,7,2
166,49.75,57.0,2.0,0.125,49.5,50.0,V,7,5,7,2
167,49.875,55.0,0.0,0.25,49.5,50.0,V,7,5,7,2
168,50.125,55.0,0.0,1.125,50.0,50.5,I,0,1,7,7
169,51.25,62.0,7.0,0.25,51.0,52.5,I,0,1,7,7
170,51.5,62.0,7.0,0.25,51.0,52.5,I,0,1,7,7
171,51.75,67.0,0.0,0.25,51.0,52.5,I,0,1,7,7
172,52.0,64.0,9.0,0.25,51.0,52.5,I,0,1,7,7
173,52.25,64.0,9.0,0.25,51.0,52.5,I,0,1,7,7
174,52.5,62.0,7.0,0.125,51.0,52.5,I,0,1,7,7
175,52.625,64.0,9.0,0.125,52.5,53.0,V,7,5,7,2
176,52.75,62.0,7.0,0.25,52.5,53.0,V,7,5,7,2
177,53.0,59.0,4.0,0.5,52.5,53.0,V,7,5,7,2
178,53.5,59.0,4.0,0.375,53.0,53.5,I,0,1,7,7
179,53.875,62.0,7.0,0.125,53.5,54.0,V,7,5,7,2
180,54.0,59.0,4.0,1.25,53.5,54.0,V,7,5,7,2
181,55.25,62.0,7.0,0.25,55.0,55.5,I,0,1,7,7
182,55.5,62.0,7.0,0.25,55.0,55.5,I,0,1,7,7
183,55.75,67.0,0.0,0.25,55.5,56.0,V,7,5,7,2
184,56.0,64.0,9.0,0.25,55.5,56.0,V,7,5,7,2
185,56.25,64.0,9.0,0.25,56.0,56.5,I,0,1,7,7
186,56.5,62.0,7.0,0.125,56.0,56.5,I,0,1,7,7
187,56.625,64.0,9.0,0.125,56.5,57.0,V,7,5,7,2
188,56.75,62.0,7.0,0.25,56.5,57.0,V,7,5,7,2
189,57.0,59.0,4.0,0.25,56.5,57.0,V,7,5,7,2
190,57.25,59.0,4.0,0.25,57.0,57.5,I,0,1,7,7
191,57.5,59.0,4.0,0.375,57.0,57.5,I,0,1,7,7
192,57.875,62.0,7.0,0.25,57.5,58.0,V,7,5,7,2
193,58.125,57.0,2.0,0.125,58.0,58.5,I,0,1,7,7
194,58.25,59.0,4.0,1.0,58.0,58.5,I,0,1,7,7
195,59.25,59.0,4.0,0.25,59.0,59.5,I,0,1,7,7
196,59.5,59.0,4.0,0.25,59.0,59.5,I,0,1,7,7
197,59.75,62.0,7.0,0.25,59.5,60.0,V,7,5,7,2
198,60.0,58.0,3.0,0.25,59.5,60.0,V,7,5,7,2
199,60.25,59.0,4.0,1.0,60.0,62.0,vi,9,6,7,4
200,61.25,55.0,0.0,0.25,60.0,62.0,vi,9,6,7,4
201,61.5,59.0,4.0,0.375,60.0,62.0,vi,9,6,7,4
202,61.875,57.0,2.0,0.25,60.0,62.0,vi,9,6,7,4
203,62.125,55.0,0.0,1.375,62.0,63.0,IV,5,4,7,0
204,63.5,62.0,7.0,0.25,63.0,64.0,V,7,5,7,2
205,63.75,67.0,0.0,0.25,63.0,64.0,V,7,5,7,2
206,64.0,64.0,9.0,0.25,63.0,64.0,V,7,5,7,2
207,64.25,64.0,9.0,0.25,64.0,64.5,I,0,1,7,7
208,64.5,62.0,7.0,0.125,64.0,64.5,I,0,1,7,7
209,64.625,64.0,9.0,0.125,64.5,65.0,V,7,5,7,2
210,64.75,62.0,7.0,0.25,64.5,65.0,V,7,5,7,2
211,65.0,59.0,4.0,0.25,64.5,65.0,V,7,5,7,2
212,65.25,59.0,4.0,0.25,65.0,65.5,I,0,1,7,7
213,65.5,59.0,4.0,0.375,65.0,65.5,I,0,1,7,7
214,65.875,62.0,7.0,0.125,65.5,66.0,V,7,5,7,2
215,66.0,57.0,2.0,0.25,65.5,66.0,V,7,5,7,2
216,66.25,59.0,4.0,1.0,66.0,66.5,I,0,1,7,7
217,67.25,55.0,0.0,0.25,67.0,67.5,I,0,1,7,7
218,67.5,59.0,4.0,0.375,67.0,67.5,I,0,1,7,7
219,67.875,62.0,7.0,0.125,67.5,68.0,V,7,5,7,2
220,68.0,57.0,2.0,0.25,67.5,68.0,V,7,5,7,2
221,68.25,59.0,4.0,1.0,68.0,68.5,I,0,1,7,7
222,69.25,55.0,0.0,0.25,69.0,69.5,I,0,1,7,7
223,69.5,59.0,4.0,0.375,69.0,69.5,I,0,1,7,7
