,time,note,scale degree,length,start,end,numeral,chromatic root,diatonic root,key,absolute root
0,8.625,53.0,3.0,0.625,8.0,9.0,I,0,1,2,2
1,9.25,50.0,0.0,0.125,9.0,10.0,IV,5,4,2,7
2,9.375,47.0,9.0,0.125,9.0,10.0,IV,5,4,2,7
3,9.5,50.0,0.0,0.125,9.0,10.0,IV,5,4,2,7
4,9.625,52.0,2.0,0.25,9.0,10.0,IV,5,4,2,7
5,9.875,54.0,4.0,2.75,9.0,10.0,IV,5,4,2,7
6,12.625,53.0,3.0,0.0630000000000006,12.0,13.0,I,0,1,2,2
7,12.688,53.0,3.0,0.1239999999999987,12.0,13.0,I,0,1,2,2
8,12.812,53.0,3.0,0.1880000000000006,12.0,13.0,I,0,1,2,2
9,13.0,53.0,3.0,0.125,12.0,13.0,I,0,1,2,2
10,13.125,47.0,9.0,0.5,13.0,14.0,IV,5,4,2,7
11,13.625,48.0,10.0,0.125,13.0,14.0,IV,5,4,2,7
12,13.75,50.0,0.0,0.125,13.0,14.0,IV,5,4,2,7
13,13.875,54.0,4.0,2.375,13.0,14.0,IV,5,4,2,7
14,16.25,54.0,4.0,0.125,16.0,17.0,I,0,1,2,2
15,16.375,54.0,4.0,0.125,16.0,17.0,I,0,1,2,2
16,16.5,54.0,4.0,0.125,16.0,17.0,I,0,1,2,2
17,16.625,52.0,2.0,0.125,16.0,17.0,I,0,1,2,2
18,16.75,50.0,0.0,0.375,16.0,17.0,I,0,1,2,2
19,17.125,54.0,4.0,0.125,17.0,18.0,III,4,3,2,6
20,17.25,54.0,4.0,0.125,17.0,18.0,III,4,3,2,6
21,17.375,54.0,4.0,0.75,17.0,18.0,III,4,3,2,6
22,18.125,55.0,5.0,0.125,18.0,19.0,IV,5,4,2,7
23,18.25,55.0,5.0,0.125,18.0,19.0,IV,5,4,2,7
24,18.375,55.0,5.0,0.125,18.0,19.0,IV,5,4,2,7
25,18.5,55.0,5.0,0.125,18.0,19.0,IV,5,4,2,7
26,18.625,55.0,5.0,0.125,18.0,19.0,IV,5,4,2,7
27,18.75,55.0,5.0,0.25,18.0,19.0,IV,5,4,2,7
28,19.0,53.0,3.0,0.125,18.0,19.0,IV,5,4,2,7
29,19.125,53.0,3.0,0.125,19.0,20.0,V,7,5,2,9
30,19.25,53.0,3.0,0.125,19.0,20.0,V,7,5,2,9
31,19.375,50.0,0.0,0.25,19.0,20.0,V,7,5,2,9
32,19.625,52.0,2.0,1.0,19.0,20.0,V,7,5,2,9
33,20.625,53.0,3.0,0.625,20.0,21.0,I,0,1,2,2
34,21.25,50.0,0.0,0.125,21.0,22.0,IV,5,4,2,7
35,21.375,47.0,9.0,0.125,21.0,22.0,IV,5,4,2,7
36,21.5,50.0,0.0,0.125,21.0,22.0,IV,5,4,2,7
37,21.625,50.0,0.0,0.25,21.0,22.0,IV,5,4,2,7
38,21.875,50.0,0.0,4.25,21.0,22.0,IV,5,4,2,7
39,26.125,53.0,3.0,0.125,26.0,27.0,I,0,1,2,2
40,26.25,53.0,3.0,0.125,26.0,27.0,I,0,1,2,2
41,26.375,53.0,3.0,0.875,26.0,27.0,I,0,1,2,2
42,27.25,52.0,2.0,0.125,27.0,28.0,IV,5,4,2,7
43,27.375,50.0,0.0,0.125,27.0,28.0,IV,5,4,2,7
44,27.5,52.0,2.0,0.125,27.0,28.0,IV,5,4,2,7
45,27.625,50.0,0.0,0.125,27.0,28.0,IV,5,4,2,7
46,27.75,52.0,2.0,0.125,27.0,28.0,IV,5,4,2,7
47,27.875,54.0,4.0,2.25,27.0,28.0,IV,5,4,2,7
48,30.125,53.0,3.0,0.125,30.0,31.0,I,0,1,2,2
49,30.25,53.0,3.0,0.125,30.0,31.0,I,0,1,2,2
50,30.375,53.0,3.0,0.75,30.0,31.0,I,0,1,2,2
51,31.125,47.0,9.0,0.125,31.0,32.0,IV,5,4,2,7
52,31.25,53.0,3.0,0.125,31.0,32.0,IV,5,4,2,7
53,31.375,53.0,3.0,0.0629999999999988,31.0,32.0,IV,5,4,2,7
54,31.438,52.0,2.0,0.1870000000000011,31.0,32.0,IV,5,4,2,7
55,31.625,52.0,2.0,0.125,31.0,32.0,IV,5,4,2,7
56,31.75,50.0,0.0,0.0620000000000011,31.0,32.0,IV,5,4,2,7
57,31.812,47.0,9.0,0.0629999999999988,31.0,32.0,IV,5,4,2,7
58,31.875,54.0,4.0,2.25,31.0,32.0,IV,5,4,2,7
59,34.125,54.0,4.0,0.125,34.0,35.0,I,0,1,2,2
60,34.25,54.0,4.0,0.0619999999999976,34.0,35.0,I,0,1,2,2
61,34.312,54.0,4.0,0.0630000000000023,34.0,35.0,I,0,1,2,2
62,34.375,54.0,4.0,0.125,34.0,35.0,I,0,1,2,2
63,34.5,54.0,4.0,0.375,34.0,35.0,I,0,1,2,2
64,34.875,49.0,11.0,0.125,34.0,35.0,I,0,1,2,2
65,35.0,54.0,4.0,0.0619999999999976,34.0,35.0,I,0,1,2,2
66,35.062,54.0,4.0,0.1260000000000047,35.0,36.0,III,4,3,2,6
67,35.188,54.0,4.0,0.1239999999999952,35.0,36.0,III,4,3,2,6
68,35.312,54.0,4.0,0.1260000000000047,35.0,36.0,III,4,3,2,6
69,35.438,54.0,4.0,0.6869999999999976,35.0,36.0,III,4,3,2,6
70,36.125,55.0,5.0,0.125,36.0,37.0,IV,5,4,2,7
71,36.25,55.0,5.0,0.125,36.0,37.0,IV,5,4,2,7
72,36.375,55.0,5.0,0.25,36.0,37.0,IV,5,4,2,7
73,36.625,55.0,5.0,0.125,36.0,37.0,IV,5,4,2,7
74,36.75,55.0,5.0,0.125,36.0,37.0,IV,5,4,2,7
75,36.875,55.0,5.0,0.125,36.0,37.0,IV,5,4,2,7
76,37.0,52.0,2.0,0.0619999999999976,36.0,37.0,IV,5,4,2,7
77,37.062,52.0,2.0,0.0630000000000023,37.0,38.0,V,7,5,2,9
78,37.125,53.0,3.0,0.125,37.0,38.0,V,7,5,2,9
79,37.25,53.0,3.0,0.125,37.0,38.0,V,7,5,2,9
80,37.375,53.0,3.0,0.125,37.0,38.0,V,7,5,2,9
81,37.5,50.0,0.0,0.125,37.0,38.0,V,7,5,2,9
82,37.625,52.0,2.0,1.0,37.0,38.0,V,7,5,2,9
83,38.625,53.0,3.0,0.625,38.0,39.0,I,0,1,2,2
84,39.25,50.0,0.0,0.125,39.0,40.0,IV,5,4,2,7
85,39.375,47.0,9.0,0.125,39.0,40.0,IV,5,4,2,7
86,39.5,50.0,0.0,0.125,39.0,40.0,IV,5,4,2,7
87,39.625,50.0,0.0,0.25,39.0,40.0,IV,5,4,2,7
88,39.875,50.0,0.0,4.25,39.0,40.0,IV,5,4,2,7
89,44.125,53.0,3.0,0.125,44.0,45.0,I,0,1,2,2
90,44.25,53.0,3.0,0.125,44.0,45.0,I,0,1,2,2
91,44.375,53.0,3.0,0.75,44.0,45.0,I,0,1,2,2
92,45.125,50.0,0.0,0.125,45.0,46.0,IV,5,4,2,7
93,45.25,53.0,3.0,0.25,45.0,46.0,IV,5,4,2,7
94,45.5,53.0,3.0,0.125,45.0,46.0,IV,5,4,2,7
95,45.625,53.0,3.0,0.25,45.0,46.0,IV,5,4,2,7
96,45.875,53.0,3.0,2.25,45.0,46.0,IV,5,4,2,7
97,48.125,54.0,4.0,0.125,48.0,49.0,I,0,1,2,2
98,48.25,52.0,2.0,0.25,48.0,49.0,I,0,1,2,2
99,48.5,54.0,4.0,0.75,48.0,49.0,I,0,1,2,2
100,49.25,52.0,2.0,0.125,49.0,50.0,IV,5,4,2,7
101,49.375,50.0,0.0,0.125,49.0,50.0,IV,5,4,2,7
102,49.5,52.0,2.0,0.25,49.0,50.0,IV,5,4,2,7
103,49.75,52.0,2.0,0.125,49.0,50.0,IV,5,4,2,7
104,49.875,53.0,3.0,2.25,49.0,50.0,IV,5,4,2,7
105,52.125,54.0,4.0,0.125,52.0,53.0,I,0,1,2,2
106,52.25,54.0,4.0,0.125,52.0,53.0,I,0,1,2,2
107,52.375,54.0,4.0,0.125,52.0,53.0,I,0,1,2,2
108,52.5,54.0,4.0,0.125,52.0,53.0,I,0,1,2,2
109,52.625,54.0,4.0,0.375,52.0,53.0,I,0,1,2,2
110,53.0,54.0,4.0,0.125,52.0,53.0,I,0,1,2,2
111,53.125,54.0,4.0,0.125,53.0,54.0,III,4,3,2,6
112,53.25,54.0,4.0,0.125,53.0,54.0,III,4,3,2,6
113,53.375,54.0,4.0,0.75,53.0,54.0,III,4,3,2,6
114,54.125,55.0,5.0,0.125,54.0,55.0,IV,5,4,2,7
115,54.25,55.0,5.0,0.125,54.0,55.0,IV,5,4,2,7
116,54.375,55.0,5.0,0.125,54.0,55.0,IV,5,4,2,7
117,54.5,55.0,5.0,0.125,54.0,55.0,IV,5,4,2,7
118,54.625,55.0,5.0,0.125,54.0,55.0,IV,5,4,2,7
119,54.75,55.0,5.0,0.125,54.0,55.0,IV,5,4,2,7
120,54.875,53.0,3.0,0.125,54.0,55.0,IV,5,4,2,7
121,55.0,52.0,2.0,0.125,54.0,55.0,IV,5,4,2,7
122,55.125,52.0,2.0,0.125,55.0,56.0,V,7,5,2,9
123,55.25,53.0,3.0,0.125,55.0,56.0,V,7,5,2,9
124,55.375,53.0,3.0,0.125,55.0,56.0,V,7,5,2,9
125,55.5,50.0,0.0,0.125,55.0,56.0,V,7,5,2,9
126,55.625,52.0,2.0,1.0,55.0,56.0,V,7,5,2,9
127,56.625,53.0,3.0,0.625,56.0,57.0,I,0,1,2,2
128,57.25,50.0,0.0,0.125,57.0,58.0,IV,5,4,2,7
129,57.375,47.0,9.0,0.125,57.0,58.0,IV,5,4,2,7
130,57.5,50.0,0.0,0.125,57.0,58.0,IV,5,4,2,7
131,57.625,50.0,0.0,0.25,57.0,58.0,IV,5,4,2,7
132,57.875,50.0,0.0,22.25,57.0,58.0,IV,5,4,2,7
133,80.125,53.0,3.0,0.125,80.0,81.0,I,0,1,2,2
134,80.25,53.0,3.0,0.25,80.0,81.0,I,0,1,2,2
135,80.5,53.0,3.0,0.25,80.0,81.0,I,0,1,2,2
136,80.75,53.0,3.0,0.375,80.0,81.0,I,0,1,2,2
137,81.125,50.0,0.0,0.125,81.0,82.0,IV,5,4,2,7
138,81.25,53.0,3.0,0.25,81.0,82.0,IV,5,4,2,7
139,81.5,53.0,3.0,0.125,81.0,82.0,IV,5,4,2,7
140,81.625,50.0,0.0,0.25,81.0,82.0,IV,5,4,2,7
141,81.875,54.0,4.0,2.25,81.0,82.0,IV,5,4,2,7
142,84.125,50.0,0.0,0.0630000000000023,84.0,85.0,I,0,1,2,2
143,84.188,50.0,0.0,0.0619999999999976,84.0,85.0,I,0,1,2,2
144,84.25,53.0,3.0,0.125,84.0,85.0,I,0,1,2,2
145,84.375,53.0,3.0,0.0630000000000023,84.0,85.0,I,0,1,2,2
146,84.438,53.0,3.0,0.1239999999999952,84.0,85.0,I,0,1,2,2
147,84.562,53.0,3.0,0.0630000000000023,84.0,85.0,I,0,1,2,2
148,84.625,53.0,3.0,0.125,84.0,85.0,I,0,1,2,2
149,84.75,53.0,3.0,0.625,84.0,85.0,I,0,1,2,2
150,85.375,50.0,0.0,0.125,85.0,86.0,IV,5,4,2,7
151,85.5,53.0,3.0,0.125,85.0,86.0,IV,5,4,2,7
152,85.625,50.0,0.0,0.125,85.0,86.0,IV,5,4,2,7
153,85.75,50.0,0.0,0.125,85.0,86.0,IV,5,4,2,7
154,85.875,54.0,4.0,2.25,85.0,86.0,IV,5,4,2,7
155,88.125,54.0,4.0,0.125,88.0,89.0,I,0,1,2,2
156,88.25,54.0,4.0,0.125,88.0,89.0,I,0,1,2,2
157,88.375,54.0,4.0,0.125,88.0,89.0,I,0,1,2,2
158,88.5,53.0,3.0,0.5,88.0,89.0,I,0,1,2,2
159,89.0,54.0,4.0,0.125,88.0,89.0,I,0,1,2,2
160,89.125,54.0,4.0,0.125,89.0,90.0,III,4,3,2,6
161,89.25,54.0,4.0,0.125,89.0,90.0,III,4,3,2,6
162,89.375,54.0,4.0,0.5,89.0,90.0,III,4,3,2,6
163,89.875,54.0,4.0,0.125,89.0,90.0,III,4,3,2,6
164,90.0,55.0,5.0,0.125,89.0,90.0,III,4,3,2,6
165,90.125,55.0,5.0,0.125,90.0,91.0,IV,5,4,2,7
166,90.25,55.0,5.0,0.125,90.0,91.0,IV,5,4,2,7
167,90.375,55.0,5.0,0.125,90.0,91.0,IV,5,4,2,7
168,90.5,55.0,5.0,0.125,90.0,91.0,IV,5,4,2,7
169,90.625,55.0,5.0,0.125,90.0,91.0,IV,5,4,2,7
170,90.75,55.0,5.0,0.125,90.0,91.0,IV,5,4,2,7
171,90.875,52.0,2.0,0.125,90.0,91.0,IV,5,4,2,7
172,91.0,52.0,2.0,0.125,90.0,91.0,IV,5,4,2,7
173,91.125,52.0,2.0,0.125,91.0,92.0,V,7,5,2,9
174,91.25,52.0,2.0,0.1880000000000024,91.0,92.0,V,7,5,2,9
175,91.438,50.0,0.0,0.0619999999999976,91.0,92.0,V,7,5,2,9
176,91.5,50.0,0.0,0.125,91.0,92.0,V,7,5,2,9
177,91.625,52.0,2.0,1.0,91.0,92.0,V,7,5,2,9
178,92.625,53.0,3.0,0.625,92.0,93.0,I,0,1,2,2
179,93.25,50.0,0.0,0.125,93.0,94.0,IV,5,4,2,7
180,93.375,47.0,9.0,0.125,93.0,94.0,IV,5,4,2,7
181,93.5,50.0,0.0,0.125,93.0,94.0,IV,5,4,2,7
182,93.625,50.0,0.0,0.25,93.0,94.0,IV,5,4,2,7
183,93.875,50.0,0.0,6.375,93.0,94.0,IV,5,4,2,7
184,100.25,53.0,3.0,0.0619999999999976,100.0,101.0,I,0,1,2,2
185,100.312,53.0,3.0,0.0630000000000023,100.0,101.0,I,0,1,2,2
186,100.375,53.0,3.0,0.0630000000000023,100.0,101.0,I,0,1,2,2
187,100.438,53.0,3.0,0.0619999999999976,100.0,101.0,I,0,1,2,2
188,100.5,53.0,3.0,0.125,100.0,101.0,I,0,1,2,2
189,100.625,53.0,3.0,0.25,100.0,101.0,I,0,1,2,2
190,100.875,53.0,3.0,0.25,100.0,101.0,I,0,1,2,2
191,101.125,53.0,3.0,0.125,101.0,102.0,IV,5,4,2,7
192,101.25,53.0,3.0,0.125,101.0,102.0,IV,5,4,2,7
193,101.375,53.0,3.0,0.125,101.0,102.0,IV,5,4,2,7
194,101.5,53.0,3.0,0.25,101.0,102.0,IV,5,4,2,7
195,101.75,50.0,0.0,0.25,101.0,102.0,IV,5,4,2,7
196,102.0,53.0,3.0,2.125,101.0,102.0,IV,5,4,2,7
197,104.125,50.0,0.0,0.125,104.0,105.0,I,0,1,2,2
198,104.25,53.0,3.0,0.125,104.0,105.0,I,0,1,2,2
199,104.375,53.0,3.0,0.125,104.0,105.0,I,0,1,2,2
200,104.5,53.0,3.0,0.625,104.0,105.0,I,0,1,2,2
201,105.125,50.0,0.0,0.0630000000000023,105.0,106.0,IV,5,4,2,7
202,105.188,53.0,3.0,0.1239999999999952,105.0,106.0,IV,5,4,2,7
203,105.312,53.0,3.0,0.0630000000000023,105.0,106.0,IV,5,4,2,7
204,105.375,53.0,3.0,0.125,105.0,106.0,IV,5,4,2,7
205,105.5,53.0,3.0,0.125,105.0,106.0,IV,5,4,2,7
206,105.625,52.0,2.0,0.125,105.0,106.0,IV,5,4,2,7
207,105.75,50.0,0.0,0.125,105.0,106.0,IV,5,4,2,7
208,105.875,54.0,4.0,2.25,105.0,106.0,IV,5,4,2,7
209,108.125,54.0,4.0,0.125,108.0,109.0,I,0,1,2,2
210,108.25,54.0,4.0,0.125,108.0,109.0,I,0,1,2,2
211,108.375,54.0,4.0,0.125,108.0,109.0,I,0,1,2,2
212,108.5,54.0,4.0,0.375,108.0,109.0,I,0,1,2,2
213,108.875,54.0,4.0,0.125,108.0,109.0,I,0,1,2,2
214,109.0,54.0,4.0,0.125,108.0,109.0,I,0,1,2,2
215,109.125,54.0,4.0,0.0630000000000023,109.0,110.0,III,4,3,2,6
216,109.188,54.0,4.0,0.1239999999999952,109.0,110.0,III,4,3,2,6
217,109.312,54.0,4.0,0.1880000000000024,109.0,110.0,III,4,3,2,6
218,109.5,54.0,4.0,0.625,109.0,110.0,III,4,3,2,6
219,110.125,55.0,5.0,0.125,110.0,111.0,IV,5,4,2,7
220,110.25,55.0,5.0,0.125,110.0,111.0,IV,5,4,2,7
221,110.375,55.0,5.0,0.125,110.0,111.0,IV,5,4,2,7
222,110.5,55.0,5.0,0.125,110.0,111.0,IV,5,4,2,7
223,110.625,55.0,5.0,0.125,110.0,111.0,IV,5,4,2,7
224,110.75,55.0,5.0,0.125,110.0,111.0,IV,5,4,2,7
225,110.875,52.0,2.0,0.125,110.0,111.0,IV,5,4,2,7
226,111.0,52.0,2.0,0.125,110.0,111.0,IV,5,4,2,7
227,111.125,52.0,2.0,0.125,111.0,112.0,V,7,5,2,9
228,111.25,53.0,3.0,0.125,111.0,112.0,V,7,5,2,9
229,111.375,53.0,3.0,0.125,111.0,112.0,V,7,5,2,9
230,111.5,50.0,0.0,0.125,111.0,112.0,V,7,5,2,9
231,111.625,52.0,2.0,1.0,111.0,112.0,V,7,5,2,9
232,112.625,53.0,3.0,0.625,112.0,113.0,I,0,1,2,2
233,113.25,50.0,0.0,0.125,113.0,114.0,IV,5,4,2,7
234,113.375,47.0,9.0,0.25,113.0,114.0,IV,5,4,2,7
235,113.625,50.0,0.0,0.125,113.0,114.0,IV,5,4,2,7
236,113.75,50.0,0.0,0.25,113.0,114.0,IV,5,4,2,7
237,114.0,50.0,0.0,1.375,113.0,114.0,IV,5,4,2,7
238,115.375,53.0,3.0,0.125,115.0,116.0,IV,5,4,2,7
239,115.5,53.0,3.0,0.125,115.0,116.0,IV,5,4,2,7
