,time,note,scale degree,length,start,end,numeral,chromatic root,diatonic root,key,absolute root
0,8.0,60.0,0.0,0.375,4.0,9.5,I,0,1,0,0
1,8.375,60.0,0.0,0.25,4.0,9.5,I,0,1,0,0
2,8.625,60.0,0.0,0.375,4.0,9.5,I,0,1,0,0
3,9.0,60.0,0.0,0.25,4.0,9.5,I,0,1,0,0
4,9.25,60.0,0.0,0.125,4.0,9.5,I,0,1,0,0
5,9.375,65.0,5.0,0.25,4.0,9.5,I,0,1,0,0
6,9.625,60.0,0.0,0.25,9.5,9.75,IV,5,4,0,5
7,9.875,60.0,0.0,0.5,9.75,10.0,iii,4,3,0,4
8,10.375,60.0,0.0,0.25,10.0,11.5,I,0,1,0,0
9,10.625,60.0,0.0,0.375,10.0,11.5,I,0,1,0,0
10,11.0,60.0,0.0,0.125,10.0,11.5,I,0,1,0,0
11,11.125,60.0,0.0,0.25,10.0,11.5,I,0,1,0,0
12,11.375,65.0,5.0,0.5,10.0,11.5,I,0,1,0,0
13,11.875,60.0,0.0,0.125,11.75,12.0,iii,4,3,0,4
14,12.0,60.0,0.0,0.125,11.75,12.0,iii,4,3,0,4
15,12.125,60.0,0.0,0.125,12.0,13.5,I,0,1,0,0
16,12.25,60.0,0.0,0.125,12.0,13.5,I,0,1,0,0
17,12.375,60.0,0.0,0.25,12.0,13.5,I,0,1,0,0
18,12.625,60.0,0.0,0.25,12.0,13.5,I,0,1,0,0
19,12.875,60.0,0.0,0.125,12.0,13.5,I,0,1,0,0
20,13.0,60.0,0.0,0.125,12.0,13.5,I,0,1,0,0
21,13.125,60.0,0.0,0.125,12.0,13.5,I,0,1,0,0
22,13.25,60.0,0.0,0.125,12.0,13.5,I,0,1,0,0
23,13.375,64.0,4.0,0.25,12.0,13.5,I,0,1,0,0
24,13.625,65.0,5.0,0.25,13.5,13.75,IV,5,4,0,5
25,13.875,60.0,0.0,0.125,13.75,14.0,iii,4,3,0,4
26,14.0,60.0,0.0,0.125,13.75,14.0,iii,4,3,0,4
27,14.125,60.0,0.0,0.125,14.0,15.5,I,0,1,0,0
28,14.25,62.0,2.0,0.25,14.0,15.5,I,0,1,0,0
29,14.5,64.0,4.0,0.5,14.0,15.5,I,0,1,0,0
30,15.0,62.0,2.0,0.25,14.0,15.5,I,0,1,0,0
31,15.25,64.0,4.0,0.25,14.0,15.5,I,0,1,0,0
32,15.5,62.0,2.0,0.25,14.0,15.5,I,0,1,0,0
33,15.75,64.0,4.0,0.125,15.5,15.75,IV,5,4,0,5
34,15.875,62.0,2.0,0.125,15.75,16.0,iii,4,3,0,4
35,16.0,62.0,2.0,1.5,15.75,16.0,iii,4,3,0,4
36,17.5,62.0,2.0,0.25,16.0,18.0,V,7,5,0,7
37,17.75,62.0,2.0,0.25,16.0,18.0,V,7,5,0,7
38,18.0,60.0,0.0,0.75,16.0,18.0,V,7,5,0,7
39,18.75,57.0,9.0,0.25,18.0,19.0,IV,5,4,0,5
40,19.0,64.0,4.0,0.375,18.0,19.0,IV,5,4,0,5
41,19.375,60.0,0.0,0.375,19.0,19.5,iii,4,3,0,4
42,19.75,60.0,0.0,0.25,19.5,20.0,ii,2,2,0,2
43,20.0,60.0,0.0,2.125,19.5,20.0,ii,2,2,0,2
44,22.125,60.0,0.0,0.25,22.0,23.0,I,0,1,0,0
45,22.375,60.0,0.0,0.25,22.0,23.0,I,0,1,0,0
46,22.625,55.0,7.0,0.125,22.0,23.0,I,0,1,0,0
47,22.75,64.0,4.0,0.125,22.0,23.0,I,0,1,0,0
48,22.875,62.0,2.0,1.125,22.0,23.0,I,0,1,0,0
49,24.0,60.0,0.0,0.25,23.0,24.0,V,7,5,0,7
50,24.25,60.0,0.0,0.125,24.0,25.5,I,0,1,0,0
51,24.375,60.0,0.0,0.25,24.0,25.5,I,0,1,0,0
52,24.625,60.0,0.0,0.25,24.0,25.5,I,0,1,0,0
53,24.875,60.0,0.0,0.125,24.0,25.5,I,0,1,0,0
54,25.0,60.0,0.0,0.375,24.0,25.5,I,0,1,0,0
55,25.375,65.0,5.0,0.25,24.0,25.5,I,0,1,0,0
56,25.625,60.0,0.0,0.25,25.5,25.75,IV,5,4,0,5
57,25.875,60.0,0.0,0.125,25.75,26.0,iii,4,3,0,4
58,26.0,60.0,0.0,0.125,25.75,26.0,iii,4,3,0,4
59,26.125,60.0,0.0,0.125,26.0,27.5,I,0,1,0,0
60,26.25,60.0,0.0,0.25,26.0,27.5,I,0,1,0,0
61,26.5,60.0,0.0,0.375,26.0,27.5,I,0,1,0,0
62,26.875,60.0,0.0,0.125,26.0,27.5,I,0,1,0,0
63,27.0,60.0,0.0,0.375,26.0,27.5,I,0,1,0,0
64,27.375,65.0,5.0,0.25,26.0,27.5,I,0,1,0,0
65,27.625,60.0,0.0,0.25,27.5,27.75,IV,5,4,0,5
66,27.875,60.0,0.0,0.125,27.75,28.0,iii,4,3,0,4
67,28.0,60.0,0.0,0.125,27.75,28.0,iii,4,3,0,4
68,28.125,60.0,0.0,0.125,28.0,29.5,I,0,1,0,0
69,28.25,60.0,0.0,0.25,28.0,29.5,I,0,1,0,0
70,28.5,60.0,0.0,0.25,28.0,29.5,I,0,1,0,0
71,28.75,60.0,0.0,0.125,28.0,29.5,I,0,1,0,0
72,28.875,60.0,0.0,0.125,28.0,29.5,I,0,1,0,0
73,29.0,60.0,0.0,0.125,28.0,29.5,I,0,1,0,0
74,29.125,60.0,0.0,0.25,28.0,29.5,I,0,1,0,0
75,29.375,65.0,5.0,0.25,28.0,29.5,I,0,1,0,0
76,29.625,60.0,0.0,0.25,29.5,29.75,IV,5,4,0,5
77,29.875,60.0,0.0,0.125,29.75,30.0,iii,4,3,0,4
78,30.0,60.0,0.0,0.25,29.75,30.0,iii,4,3,0,4
79,30.25,60.0,0.0,0.125,30.0,31.5,I,0,1,0,0
80,30.375,60.0,0.0,0.25,30.0,31.5,I,0,1,0,0
81,30.625,60.0,0.0,0.25,30.0,31.5,I,0,1,0,0
82,30.875,60.0,0.0,0.125,30.0,31.5,I,0,1,0,0
83,31.0,64.0,4.0,0.25,30.0,31.5,I,0,1,0,0
84,31.25,64.0,4.0,0.25,30.0,31.5,I,0,1,0,0
85,31.5,64.0,4.0,0.25,30.0,31.5,I,0,1,0,0
86,31.75,64.0,4.0,0.25,31.5,31.75,IV,5,4,0,5
87,32.0,64.0,4.0,0.125,31.75,32.0,iii,4,3,0,4
88,32.125,62.0,2.0,0.125,32.0,34.0,V,7,5,0,7
89,32.25,64.0,4.0,1.125,32.0,34.0,V,7,5,0,7
90,33.375,62.0,2.0,0.125,32.0,34.0,V,7,5,0,7
91,33.5,62.0,2.0,0.25,32.0,34.0,V,7,5,0,7
92,33.75,62.0,2.0,0.25,32.0,34.0,V,7,5,0,7
93,34.0,65.0,5.0,1.0,32.0,34.0,V,7,5,0,7
94,35.0,64.0,4.0,0.375,34.0,35.0,IV,5,4,0,5
95,35.375,60.0,0.0,0.375,35.0,35.5,iii,4,3,0,4
96,35.75,60.0,0.0,0.25,35.5,36.0,ii,2,2,0,2
97,36.0,60.0,0.0,2.5,35.5,36.0,ii,2,2,0,2
98,38.5,63.0,3.0,0.125,38.0,40.0,I,0,1,0,0
99,38.625,63.0,3.0,0.25,38.0,40.0,I,0,1,0,0
100,38.875,65.0,5.0,0.125,38.0,40.0,I,0,1,0,0
101,39.0,62.0,2.0,0.125,38.0,40.0,I,0,1,0,0
102,39.125,64.0,4.0,11.75,38.0,40.0,I,0,1,0,0
103,50.875,59.0,11.0,0.125,47.0,51.0,V,7,5,0,7
104,51.0,60.0,0.0,0.125,47.0,51.0,V,7,5,0,7
105,51.125,60.0,0.0,0.25,51.0,52.5,I,0,1,0,0
106,51.375,60.0,0.0,0.25,51.0,52.5,I,0,1,0,0
107,51.625,60.0,0.0,0.375,51.0,52.5,I,0,1,0,0
108,52.0,60.0,0.0,0.125,51.0,52.5,I,0,1,0,0
109,52.125,60.0,0.0,0.125,51.0,52.5,I,0,1,0,0
110,52.25,60.0,0.0,0.25,51.0,52.5,I,0,1,0,0
111,52.5,65.0,5.0,0.375,51.0,52.5,I,0,1,0,0
112,52.875,60.0,0.0,0.125,52.75,53.0,iii,4,3,0,4
113,53.0,60.0,0.0,0.125,52.75,53.0,iii,4,3,0,4
114,53.125,60.0,0.0,0.125,53.0,54.5,I,0,1,0,0
115,53.25,62.0,2.0,0.25,53.0,54.5,I,0,1,0,0
116,53.5,63.0,3.0,0.375,53.0,54.5,I,0,1,0,0
117,53.875,64.0,4.0,0.25,53.0,54.5,I,0,1,0,0
118,54.125,66.0,6.0,0.125,53.0,54.5,I,0,1,0,0
119,54.25,66.0,6.0,0.125,53.0,54.5,I,0,1,0,0
120,54.375,60.0,0.0,0.25,53.0,54.5,I,0,1,0,0
121,54.625,60.0,0.0,0.25,54.5,54.75,IV,5,4,0,5
122,54.875,60.0,0.0,0.5,54.75,55.0,iii,4,3,0,4
123,55.375,60.0,0.0,0.25,55.0,56.5,I,0,1,0,0
124,55.625,60.0,0.0,0.375,55.0,56.5,I,0,1,0,0
125,56.0,60.0,0.0,0.125,55.0,56.5,I,0,1,0,0
126,56.125,60.0,0.0,0.25,55.0,56.5,I,0,1,0,0
127,56.375,65.0,5.0,0.25,55.0,56.5,I,0,1,0,0
128,56.625,60.0,0.0,0.25,56.5,56.75,IV,5,4,0,5
129,56.875,60.0,0.0,0.5,56.75,57.0,iii,4,3,0,4
130,57.375,64.0,4.0,0.625,57.0,58.5,I,0,1,0,0
131,58.0,64.0,4.0,0.125,57.0,58.5,I,0,1,0,0
132,58.125,63.0,3.0,0.125,57.0,58.5,I,0,1,0,0
133,58.25,65.0,5.0,0.125,57.0,58.5,I,0,1,0,0
134,58.375,64.0,4.0,0.125,57.0,58.5,I,0,1,0,0
135,58.5,65.0,5.0,0.125,57.0,58.5,I,0,1,0,0
136,58.625,62.0,2.0,0.125,58.5,58.75,IV,5,4,0,5
137,58.75,63.0,3.0,0.125,58.5,58.75,IV,5,4,0,5
138,58.875,62.0,2.0,0.125,58.75,59.0,iii,4,3,0,4
139,59.0,62.0,2.0,1.5,58.75,59.0,iii,4,3,0,4
140,60.5,62.0,2.0,0.25,59.0,61.0,V,7,5,0,7
141,60.75,62.0,2.0,0.25,59.0,61.0,V,7,5,0,7
142,61.0,60.0,0.0,0.75,59.0,61.0,V,7,5,0,7
143,61.75,57.0,9.0,0.25,61.0,62.0,IV,5,4,0,5
144,62.0,64.0,4.0,0.375,61.0,62.0,IV,5,4,0,5
145,62.375,60.0,0.0,0.375,62.0,62.5,iii,4,3,0,4
146,62.75,60.0,0.0,0.25,62.5,63.0,ii,2,2,0,2
147,63.0,60.0,0.0,2.875,62.5,63.0,ii,2,2,0,2
148,65.875,64.0,4.0,0.125,65.0,67.0,I,0,1,0,0
149,66.0,65.0,5.0,0.125,65.0,67.0,I,0,1,0,0
150,66.125,65.0,5.0,0.125,65.0,67.0,I,0,1,0,0
151,66.25,65.0,5.0,0.125,65.0,67.0,I,0,1,0,0
152,66.375,66.0,6.0,0.125,65.0,67.0,I,0,1,0,0
153,66.5,67.0,7.0,8.5,65.0,67.0,I,0,1,0,0
154,75.0,60.0,0.0,0.25,73.0,75.0,I,0,1,2,2
155,75.25,60.0,0.0,0.125,75.0,76.5,I,0,1,0,0
156,75.375,60.0,0.0,0.25,75.0,76.5,I,0,1,0,0
157,75.625,60.0,0.0,0.125,75.0,76.5,I,0,1,0,0
158,75.75,60.0,0.0,0.25,75.0,76.5,I,0,1,0,0
159,76.0,60.0,0.0,0.125,75.0,76.5,I,0,1,0,0
160,76.125,60.0,0.0,0.25,75.0,76.5,I,0,1,0,0
161,76.375,65.0,5.0,0.25,75.0,76.5,I,0,1,0,0
162,76.625,60.0,0.0,0.25,76.5,76.75,IV,5,4,0,5
163,76.875,60.0,0.0,0.125,76.75,77.0,iii,4,3,0,4
164,77.0,60.0,0.0,0.375,76.75,77.0,iii,4,3,0,4
165,77.375,60.0,0.0,0.25,77.0,78.5,I,0,1,0,0
166,77.625,60.0,0.0,0.375,77.0,78.5,I,0,1,0,0
167,78.0,60.0,0.0,0.125,77.0,78.5,I,0,1,0,0
168,78.125,60.0,0.0,0.25,77.0,78.5,I,0,1,0,0
169,78.375,62.0,2.0,0.25,77.0,78.5,I,0,1,0,0
170,78.625,60.0,0.0,0.25,78.5,78.75,IV,5,4,0,5
171,78.875,60.0,0.0,0.125,78.75,79.0,iii,4,3,0,4
172,79.0,60.0,0.0,0.375,78.75,79.0,iii,4,3,0,4
173,79.375,60.0,0.0,0.25,79.0,80.5,I,0,1,0,0
174,79.625,60.0,0.0,0.375,79.0,80.5,I,0,1,0,0
175,80.0,60.0,0.0,0.125,79.0,80.5,I,0,1,0,0
176,80.125,60.0,0.0,0.25,79.0,80.5,I,0,1,0,0
177,80.375,65.0,5.0,0.25,79.0,80.5,I,0,1,0,0
178,80.625,60.0,0.0,0.25,80.5,80.75,IV,5,4,0,5
179,80.875,60.0,0.0,0.5,80.75,81.0,iii,4,3,0,4
180,81.375,60.0,0.0,0.25,81.0,82.5,I,0,1,0,0
181,81.625,60.0,0.0,0.125,81.0,82.5,I,0,1,0,0
182,81.75,60.0,0.0,0.125,81.0,82.5,I,0,1,0,0
183,81.875,60.0,0.0,0.125,81.0,82.5,I,0,1,0,0
184,82.0,60.0,0.0,0.375,81.0,82.5,I,0,1,0,0
185,82.375,62.0,2.0,0.375,81.0,82.5,I,0,1,0,0
186,82.75,62.0,2.0,0.25,82.5,82.75,IV,5,4,0,5
187,83.0,62.0,2.0,1.5,82.75,83.0,iii,4,3,0,4
188,84.5,62.0,2.0,0.5,83.0,85.0,V,7,5,0,7
189,85.0,60.0,0.0,0.125,83.0,85.0,V,7,5,0,7
190,85.125,60.0,0.0,0.75,85.0,86.0,IV,5,4,0,5
191,85.875,57.0,9.0,0.625,85.0,86.0,IV,5,4,0,5
192,86.5,60.0,0.0,0.5,86.0,86.5,iii,4,3,0,4
193,87.0,60.0,0.0,2.125,86.5,87.0,ii,2,2,0,2
194,89.125,60.0,0.0,0.25,89.0,91.0,I,0,1,0,0
195,89.375,60.0,0.0,0.125,89.0,91.0,I,0,1,0,0
196,89.5,60.0,0.0,0.1670000000000016,89.0,91.0,I,0,1,0,0
197,89.667,60.0,0.0,0.1659999999999968,89.0,91.0,I,0,1,0,0
198,89.833,60.0,0.0,0.1670000000000016,89.0,91.0,I,0,1,0,0
199,90.0,63.0,3.0,0.125,89.0,91.0,I,0,1,0,0
200,90.125,60.0,0.0,0.25,89.0,91.0,I,0,1,0,0
201,90.375,60.0,0.0,0.625,89.0,91.0,I,0,1,0,0
202,91.0,62.0,2.0,1.5,89.0,91.0,I,0,1,0,0
203,92.5,62.0,2.0,0.25,91.0,93.0,V,7,5,0,7
204,92.75,62.0,2.0,0.25,91.0,93.0,V,7,5,0,7
205,93.0,60.0,0.0,0.75,91.0,93.0,V,7,5,0,7
206,93.75,57.0,9.0,0.25,93.0,94.0,IV,5,4,0,5
207,94.0,64.0,4.0,0.375,93.0,94.0,IV,5,4,0,5
208,94.375,60.0,0.0,0.375,94.0,94.5,iii,4,3,0,4
209,94.75,60.0,0.0,0.25,94.5,95.0,ii,2,2,0,2
210,95.0,60.0,0.0,3.75,94.5,95.0,ii,2,2,0,2
211,98.75,60.0,0.0,0.25,97.0,99.0,I,0,1,0,0
212,99.0,62.0,2.0,1.5,97.0,99.0,I,0,1,0,0
213,100.5,62.0,2.0,0.25,99.0,101.0,V,7,5,0,7
214,100.75,62.0,2.0,0.25,99.0,101.0,V,7,5,0,7
215,101.0,60.0,0.0,0.75,99.0,101.0,V,7,5,0,7
216,101.75,57.0,9.0,0.25,101.0,102.0,IV,5,4,0,5
217,102.0,64.0,4.0,0.375,101.0,102.0,IV,5,4,0,5
218,102.375,60.0,0.0,0.375,102.0,102.5,iii,4,3,0,4
219,102.75,60.0,0.0,0.25,102.5,103.0,ii,2,2,0,2
220,103.0,60.0,0.0,2.5,102.5,103.0,ii,2,2,0,2
221,105.5,62.0,2.0,0.125,105.0,107.0,I,0,1,0,0
222,105.625,57.0,9.0,0.125,105.0,107.0,I,0,1,0,0
223,105.75,55.0,7.0,0.125,105.0,107.0,I,0,1,0,0
224,105.875,60.0,0.0,0.125,105.0,107.0,I,0,1,0,0
225,106.0,60.0,0.0,0.75,105.0,107.0,I,0,1,0,0
226,106.75,63.0,3.0,0.125,105.0,107.0,I,0,1,0,0
227,106.875,62.0,2.0,0.125,105.0,107.0,I,0,1,0,0
228,107.0,62.0,2.0,1.5,105.0,107.0,I,0,1,0,0
229,108.5,62.0,2.0,0.25,107.0,109.0,V,7,5,0,7
230,108.75,62.0,2.0,0.25,107.0,109.0,V,7,5,0,7
231,109.0,60.0,0.0,0.75,107.0,109.0,V,7,5,0,7
232,109.75,57.0,9.0,0.25,109.0,110.0,IV,5,4,0,5
233,110.0,64.0,4.0,0.375,109.0,110.0,IV,5,4,0,5
234,110.375,60.0,0.0,0.375,110.0,110.5,iii,4,3,0,4
235,110.75,60.0,0.0,0.25,110.5,111.0,ii,2,2,0,2
236,111.0,60.0,0.0,1.375,110.5,111.0,ii,2,2,0,2
237,112.375,60.0,0.0,0.125,111.0,112.5,I,0,1,0,0
238,112.5,60.0,0.0,0.5,111.0,112.5,I,0,1,0,0
239,113.0,60.0,0.0,0.75,112.75,113.0,iii,4,3,0,4
240,113.75,60.0,0.0,0.25,113.0,115.0,I,0,1,0,0
