,time,note,scale degree,length,start,end,numeral,chromatic root,diatonic root,key,absolute root
0,12.625,58.0,0.0,0.125,12.0,13.0,bVII,10,7,10,8
1,12.75,58.0,0.0,0.125,12.0,13.0,bVII,10,7,10,8
2,12.875,61.0,3.0,0.75,12.0,13.0,bVII,10,7,10,8
3,13.625,58.0,0.0,0.125,13.0,14.0,I,0,1,10,10
4,13.75,58.0,0.0,0.125,13.0,14.0,I,0,1,10,10
5,13.875,61.0,3.0,0.25,13.0,14.0,I,0,1,10,10
6,14.125,61.0,3.0,0.25,14.0,15.0,bVII,10,7,10,8
7,14.375,61.0,3.0,0.125,14.0,15.0,bVII,10,7,10,8
8,14.5,61.0,3.0,0.125,14.0,15.0,bVII,10,7,10,8
9,14.625,58.0,0.0,2.0,14.0,15.0,bVII,10,7,10,8
10,16.625,58.0,0.0,0.125,16.0,17.0,bVII,10,7,10,8
11,16.75,58.0,0.0,0.125,16.0,17.0,bVII,10,7,10,8
12,16.875,61.0,3.0,0.75,16.0,17.0,bVII,10,7,10,8
13,17.625,58.0,0.0,0.125,17.0,18.0,I,0,1,10,10
14,17.75,58.0,0.0,0.125,17.0,18.0,I,0,1,10,10
15,17.875,61.0,3.0,0.25,17.0,18.0,I,0,1,10,10
16,18.125,58.0,0.0,0.125,18.0,19.0,bVII,10,7,10,8
17,18.25,58.0,0.0,0.125,18.0,19.0,bVII,10,7,10,8
18,18.375,61.0,3.0,0.25,18.0,19.0,bVII,10,7,10,8
19,18.625,63.0,5.0,0.25,18.0,19.0,bVII,10,7,10,8
20,18.875,61.0,3.0,1.75,18.0,19.0,bVII,10,7,10,8
21,20.625,58.0,0.0,0.125,20.0,21.0,bVII,10,7,10,8
22,20.75,58.0,0.0,0.125,20.0,21.0,bVII,10,7,10,8
23,20.875,65.0,7.0,1.125,20.0,21.0,bVII,10,7,10,8
24,22.0,63.0,5.0,1.0,21.0,22.0,bIII,3,3,10,1
25,23.0,58.0,0.0,0.375,22.0,23.0,bVII,10,7,10,8
26,23.375,58.0,0.0,0.125,23.0,24.0,IV,5,4,10,3
27,23.5,58.0,0.0,0.125,23.0,24.0,IV,5,4,10,3
28,23.625,58.0,0.0,0.125,23.0,24.0,IV,5,4,10,3
29,23.75,58.0,0.0,0.125,23.0,24.0,IV,5,4,10,3
30,23.875,62.0,4.0,0.75,23.0,24.0,IV,5,4,10,3
31,24.625,58.0,0.0,0.125,24.0,25.0,I,0,1,10,10
32,24.75,58.0,0.0,0.125,24.0,25.0,I,0,1,10,10
33,24.875,65.0,7.0,1.125,24.0,25.0,I,0,1,10,10
34,26.0,63.0,5.0,0.875,25.0,26.0,bIII,3,3,10,1
35,26.875,56.0,10.0,0.125,26.0,27.0,bVII,10,7,10,8
36,27.0,58.0,0.0,0.125,26.0,27.0,bVII,10,7,10,8
37,27.125,58.0,0.0,0.125,27.0,28.0,IV,5,4,10,3
38,27.25,58.0,0.0,0.25,27.0,28.0,IV,5,4,10,3
39,27.5,58.0,0.0,0.25,27.0,28.0,IV,5,4,10,3
40,27.75,58.0,0.0,0.125,27.0,28.0,IV,5,4,10,3
41,27.875,58.0,0.0,0.125,27.0,28.0,IV,5,4,10,3
42,28.0,62.0,4.0,0.125,27.0,28.0,IV,5,4,10,3
43,28.125,62.0,4.0,0.25,28.0,32.0,I,0,1,10,10
44,28.375,62.0,4.0,6.25,28.0,32.0,I,0,1,10,10
45,34.625,58.0,0.0,0.125,34.0,35.0,bVII,10,7,10,8
46,34.75,58.0,0.0,0.125,34.0,35.0,bVII,10,7,10,8
47,34.875,62.0,4.0,0.75,34.0,35.0,bVII,10,7,10,8
48,35.625,58.0,0.0,0.125,35.0,36.0,I,0,1,10,10
49,35.75,58.0,0.0,0.125,35.0,36.0,I,0,1,10,10
50,35.875,61.0,3.0,0.25,35.0,36.0,I,0,1,10,10
51,36.125,61.0,3.0,0.25,36.0,37.0,bVII,10,7,10,8
52,36.375,61.0,3.0,0.25,36.0,37.0,bVII,10,7,10,8
53,36.625,61.0,3.0,0.25,36.0,37.0,bVII,10,7,10,8
54,36.875,58.0,0.0,1.75,36.0,37.0,bVII,10,7,10,8
55,38.625,58.0,0.0,0.125,38.0,39.0,bVII,10,7,10,8
56,38.75,58.0,0.0,0.125,38.0,39.0,bVII,10,7,10,8
57,38.875,62.0,4.0,0.75,38.0,39.0,bVII,10,7,10,8
58,39.625,58.0,0.0,0.125,39.0,40.0,I,0,1,10,10
59,39.75,58.0,0.0,0.125,39.0,40.0,I,0,1,10,10
60,39.875,62.0,4.0,0.25,39.0,40.0,I,0,1,10,10
61,40.125,63.0,5.0,0.25,40.0,41.0,bVII,10,7,10,8
62,40.375,63.0,5.0,0.125,40.0,41.0,bVII,10,7,10,8
63,40.5,63.0,5.0,0.125,40.0,41.0,bVII,10,7,10,8
64,40.625,63.0,5.0,0.25,40.0,41.0,bVII,10,7,10,8
65,40.875,62.0,4.0,1.75,40.0,41.0,bVII,10,7,10,8
66,42.625,58.0,0.0,0.125,42.0,43.0,bVII,10,7,10,8
67,42.75,58.0,0.0,0.125,42.0,43.0,bVII,10,7,10,8
68,42.875,65.0,7.0,1.125,42.0,43.0,bVII,10,7,10,8
69,44.0,63.0,5.0,1.0,43.0,44.0,bIII,3,3,10,1
70,45.0,58.0,0.0,0.375,44.0,45.0,bVII,10,7,10,8
71,45.375,58.0,0.0,0.125,45.0,46.0,IV,5,4,10,3
72,45.5,58.0,0.0,0.125,45.0,46.0,IV,5,4,10,3
73,45.625,58.0,0.0,0.125,45.0,46.0,IV,5,4,10,3
74,45.75,58.0,0.0,0.125,45.0,46.0,IV,5,4,10,3
75,45.875,62.0,4.0,0.75,45.0,46.0,IV,5,4,10,3
76,46.625,58.0,0.0,0.125,46.0,47.0,I,0,1,10,10
77,46.75,58.0,0.0,0.125,46.0,47.0,I,0,1,10,10
78,46.875,65.0,7.0,1.125,46.0,47.0,I,0,1,10,10
79,48.0,63.0,5.0,0.875,47.0,48.0,bIII,3,3,10,1
80,48.875,56.0,10.0,0.125,48.0,49.0,bVII,10,7,10,8
81,49.0,58.0,0.0,0.125,48.0,49.0,bVII,10,7,10,8
82,49.125,58.0,0.0,0.125,49.0,50.0,IV,5,4,10,3
83,49.25,58.0,0.0,0.25,49.0,50.0,IV,5,4,10,3
84,49.5,58.0,0.0,0.25,49.0,50.0,IV,5,4,10,3
85,49.75,58.0,0.0,0.125,49.0,50.0,IV,5,4,10,3
86,49.875,58.0,0.0,0.125,49.0,50.0,IV,5,4,10,3
87,50.0,62.0,4.0,0.125,49.0,50.0,IV,5,4,10,3
88,50.125,62.0,4.0,0.25,50.0,54.0,I,0,1,10,10
89,50.375,62.0,4.0,17.25,50.0,54.0,I,0,1,10,10
90,67.625,58.0,0.0,0.125,67.0,68.0,bVII,10,7,10,8
91,67.75,58.0,0.0,0.125,67.0,68.0,bVII,10,7,10,8
92,67.875,62.0,4.0,0.75,67.0,68.0,bVII,10,7,10,8
93,68.625,58.0,0.0,0.125,68.0,69.0,I,0,1,10,10
94,68.75,58.0,0.0,0.125,68.0,69.0,I,0,1,10,10
95,68.875,61.0,3.0,0.25,68.0,69.0,I,0,1,10,10
96,69.125,63.0,5.0,0.125,69.0,70.0,bVII,10,7,10,8
97,69.25,61.0,3.0,0.125,69.0,70.0,bVII,10,7,10,8
98,69.375,63.0,5.0,0.25,69.0,70.0,bVII,10,7,10,8
99,69.625,63.0,5.0,0.25,69.0,70.0,bVII,10,7,10,8
100,69.875,62.0,4.0,1.75,69.0,70.0,bVII,10,7,10,8
101,71.625,58.0,0.0,0.125,71.0,72.0,bVII,10,7,10,8
102,71.75,58.0,0.0,0.125,71.0,72.0,bVII,10,7,10,8
103,71.875,62.0,4.0,0.75,71.0,72.0,bVII,10,7,10,8
104,72.625,58.0,0.0,0.125,72.0,73.0,I,0,1,10,10
105,72.75,58.0,0.0,0.125,72.0,73.0,I,0,1,10,10
106,72.875,62.0,4.0,0.25,72.0,73.0,I,0,1,10,10
107,73.125,63.0,5.0,0.125,73.0,74.0,bVII,10,7,10,8
108,73.25,61.0,3.0,0.125,73.0,74.0,bVII,10,7,10,8
109,73.375,63.0,5.0,0.25,73.0,74.0,bVII,10,7,10,8
110,73.625,63.0,5.0,0.25,73.0,74.0,bVII,10,7,10,8
111,73.875,62.0,4.0,1.0,73.0,74.0,bVII,10,7,10,8
112,74.875,67.0,9.0,0.5,74.0,75.0,I,0,1,10,10
113,75.375,63.0,5.0,0.25,75.0,76.0,bVII,10,7,10,8
114,75.625,63.0,5.0,0.25,75.0,76.0,bVII,10,7,10,8
115,75.875,65.0,7.0,0.75,75.0,76.0,bVII,10,7,10,8
116,76.625,58.0,0.0,0.125,76.0,77.0,I,0,1,10,10
117,76.75,58.0,0.0,0.125,76.0,77.0,I,0,1,10,10
118,76.875,61.0,3.0,0.25,76.0,77.0,I,0,1,10,10
119,77.125,63.0,5.0,0.125,77.0,78.0,bVII,10,7,10,8
120,77.25,61.0,3.0,0.125,77.0,78.0,bVII,10,7,10,8
121,77.375,63.0,5.0,0.25,77.0,78.0,bVII,10,7,10,8
122,77.625,63.0,5.0,0.25,77.0,78.0,bVII,10,7,10,8
123,77.875,65.0,7.0,1.0,77.0,78.0,bVII,10,7,10,8
124,78.875,68.0,10.0,0.25,78.0,79.0,I,0,1,10,10
125,79.125,63.0,5.0,0.25,79.0,80.0,bVII,10,7,10,8
126,79.375,63.0,5.0,0.25,79.0,80.0,bVII,10,7,10,8
127,79.625,63.0,5.0,0.125,79.0,80.0,bVII,10,7,10,8
128,79.75,61.0,3.0,0.125,79.0,80.0,bVII,10,7,10,8
129,79.875,65.0,7.0,0.75,79.0,80.0,bVII,10,7,10,8
130,80.625,58.0,0.0,0.125,80.0,81.0,I,0,1,10,10
131,80.75,58.0,0.0,0.125,80.0,81.0,I,0,1,10,10
132,80.875,61.0,3.0,0.25,80.0,81.0,I,0,1,10,10
133,81.125,63.0,5.0,0.375,81.0,82.0,bVII,10,7,10,8
134,81.5,63.0,5.0,0.125,81.0,82.0,bVII,10,7,10,8
135,81.625,63.0,5.0,0.125,81.0,82.0,bVII,10,7,10,8
136,81.75,62.0,4.0,0.125,81.0,82.0,bVII,10,7,10,8
137,81.875,65.0,7.0,0.625,81.0,82.0,bVII,10,7,10,8
138,82.5,58.0,0.0,0.375,82.0,83.0,I,0,1,10,10
139,82.875,68.0,10.0,0.25,82.0,83.0,I,0,1,10,10
140,83.125,63.0,5.0,0.25,83.0,84.0,bVII,10,7,10,8
141,83.375,63.0,5.0,0.25,83.0,84.0,bVII,10,7,10,8
142,83.625,63.0,5.0,0.125,83.0,84.0,bVII,10,7,10,8
143,83.75,61.0,3.0,0.125,83.0,84.0,bVII,10,7,10,8
144,83.875,65.0,7.0,1.125,83.0,84.0,bVII,10,7,10,8
145,85.0,63.0,5.0,1.0,84.0,85.0,bIII,3,3,10,1
146,86.0,58.0,0.0,0.375,85.0,86.0,bVII,10,7,10,8
147,86.375,58.0,0.0,0.125,86.0,87.0,IV,5,4,10,3
148,86.5,58.0,0.0,0.125,86.0,87.0,IV,5,4,10,3
149,86.625,58.0,0.0,0.125,86.0,87.0,IV,5,4,10,3
150,86.75,58.0,0.0,0.125,86.0,87.0,IV,5,4,10,3
151,86.875,62.0,4.0,0.75,86.0,87.0,IV,5,4,10,3
152,87.625,58.0,0.0,0.125,87.0,88.0,I,0,1,10,10
153,87.75,58.0,0.0,0.125,87.0,88.0,I,0,1,10,10
154,87.875,65.0,7.0,1.125,87.0,88.0,I,0,1,10,10
155,89.0,63.0,5.0,0.875,88.0,89.0,bIII,3,3,10,1
156,89.875,56.0,10.0,0.125,89.0,90.0,bVII,10,7,10,8
157,90.0,58.0,0.0,0.125,89.0,90.0,bVII,10,7,10,8
158,90.125,58.0,0.0,0.125,90.0,91.0,IV,5,4,10,3
159,90.25,58.0,0.0,0.25,90.0,91.0,IV,5,4,10,3
160,90.5,58.0,0.0,0.25,90.0,91.0,IV,5,4,10,3
161,90.75,58.0,0.0,0.125,90.0,91.0,IV,5,4,10,3
162,90.875,58.0,0.0,0.125,90.0,91.0,IV,5,4,10,3
163,91.0,62.0,4.0,0.125,90.0,91.0,IV,5,4,10,3
164,91.125,62.0,4.0,0.25,91.0,95.0,I,0,1,10,10
165,91.375,62.0,4.0,2.625,91.0,95.0,I,0,1,10,10
166,94.0,62.0,4.0,0.125,91.0,95.0,I,0,1,10,10
167,94.125,62.0,4.0,0.125,91.0,95.0,I,0,1,10,10
168,94.25,62.0,4.0,0.25,91.0,95.0,I,0,1,10,10
169,94.5,62.0,4.0,0.5,91.0,95.0,I,0,1,10,10
170,95.0,61.0,3.0,0.125,91.0,95.0,I,0,1,10,10
171,95.125,61.0,3.0,0.25,95.0,96.0,IV,5,4,10,3
172,95.375,61.0,3.0,0.625,95.0,96.0,IV,5,4,10,3
173,96.0,62.0,4.0,0.125,95.0,96.0,IV,5,4,10,3
174,96.125,62.0,4.0,0.125,96.0,97.0,I,0,1,10,10
175,96.25,62.0,4.0,0.25,96.0,97.0,I,0,1,10,10
176,96.5,62.0,4.0,0.5,96.0,97.0,I,0,1,10,10
177,97.0,61.0,3.0,0.125,96.0,97.0,I,0,1,10,10
178,97.125,61.0,3.0,0.25,97.0,98.0,IV,5,4,10,3
179,97.375,61.0,3.0,0.625,97.0,98.0,IV,5,4,10,3
180,98.0,62.0,4.0,0.125,97.0,98.0,IV,5,4,10,3
181,98.125,62.0,4.0,0.125,98.0,99.0,I,0,1,10,10
182,98.25,62.0,4.0,0.25,98.0,99.0,I,0,1,10,10
183,98.5,62.0,4.0,0.5,98.0,99.0,I,0,1,10,10
184,99.0,61.0,3.0,0.125,98.0,99.0,I,0,1,10,10
185,99.125,61.0,3.0,0.25,99.0,100.0,IV,5,4,10,3
186,99.375,61.0,3.0,0.625,99.0,100.0,IV,5,4,10,3
187,100.0,62.0,4.0,0.125,99.0,100.0,IV,5,4,10,3
188,100.125,62.0,4.0,0.125,100.0,101.0,I,0,1,10,10
189,100.25,62.0,4.0,0.25,100.0,101.0,I,0,1,10,10
190,100.5,62.0,4.0,0.5,100.0,101.0,I,0,1,10,10
191,101.0,61.0,3.0,0.125,100.0,101.0,I,0,1,10,10
192,101.125,61.0,3.0,0.25,101.0,102.0,IV,5,4,10,3
193,101.375,61.0,3.0,0.625,101.0,102.0,IV,5,4,10,3
194,102.0,62.0,4.0,0.125,101.0,102.0,IV,5,4,10,3
195,102.125,62.0,4.0,0.125,102.0,103.0,I,0,1,10,10
196,102.25,62.0,4.0,0.25,102.0,103.0,I,0,1,10,10
197,102.5,62.0,4.0,0.5,102.0,103.0,I,0,1,10,10
198,103.0,61.0,3.0,0.125,102.0,103.0,I,0,1,10,10
199,103.125,61.0,3.0,0.25,103.0,104.0,IV,5,4,10,3
200,103.375,61.0,3.0,0.625,103.0,104.0,IV,5,4,10,3
201,104.0,62.0,4.0,0.125,103.0,104.0,IV,5,4,10,3
202,104.125,62.0,4.0,0.125,104.0,105.0,I,0,1,10,10
203,104.25,62.0,4.0,0.25,104.0,105.0,I,0,1,10,10
204,104.5,62.0,4.0,0.5,104.0,105.0,I,0,1,10,10
205,105.0,61.0,3.0,0.125,104.0,105.0,I,0,1,10,10
206,105.125,61.0,3.0,0.25,105.0,106.0,IV,5,4,10,3
