,time,note,scale degree,length,start,end,numeral,chromatic root,diatonic root,key,absolute root
0,19.625,51.0,7.0,0.125,2.0,138.0,I,0,1,8,8
1,19.75,53.0,9.0,0.25,2.0,138.0,I,0,1,8,8
2,20.0,56.0,0.0,0.125,2.0,138.0,I,0,1,8,8
3,20.125,56.0,0.0,0.125,2.0,138.0,I,0,1,8,8
4,20.25,56.0,0.0,0.125,2.0,138.0,I,0,1,8,8
5,20.375,56.0,0.0,0.125,2.0,138.0,I,0,1,8,8
6,20.5,56.0,0.0,0.125,2.0,138.0,I,0,1,8,8
7,20.625,56.0,0.0,0.125,2.0,138.0,I,0,1,8,8
8,20.75,53.0,9.0,0.125,2.0,138.0,I,0,1,8,8
9,20.875,56.0,0.0,0.25,2.0,138.0,I,0,1,8,8
10,21.125,53.0,9.0,0.5,2.0,138.0,I,0,1,8,8
11,21.625,51.0,7.0,0.125,2.0,138.0,I,0,1,8,8
12,21.75,53.0,9.0,0.125,2.0,138.0,I,0,1,8,8
13,21.875,53.0,9.0,0.125,2.0,138.0,I,0,1,8,8
14,22.0,56.0,0.0,0.25,2.0,138.0,I,0,1,8,8
15,22.25,53.0,9.0,0.125,2.0,138.0,I,0,1,8,8
16,22.375,56.0,0.0,0.25,2.0,138.0,I,0,1,8,8
17,22.625,56.0,0.0,0.125,2.0,138.0,I,0,1,8,8
18,22.75,53.0,9.0,0.125,2.0,138.0,I,0,1,8,8
19,22.875,56.0,0.0,0.25,2.0,138.0,I,0,1,8,8
20,23.125,53.0,9.0,0.5,2.0,138.0,I,0,1,8,8
21,23.625,51.0,7.0,0.125,2.0,138.0,I,0,1,8,8
22,23.75,53.0,9.0,0.125,2.0,138.0,I,0,1,8,8
23,23.875,53.0,9.0,0.125,2.0,138.0,I,0,1,8,8
24,24.0,56.0,0.0,0.25,2.0,138.0,I,0,1,8,8
25,24.25,56.0,0.0,0.25,2.0,138.0,I,0,1,8,8
26,24.5,56.0,0.0,0.25,2.0,138.0,I,0,1,8,8
27,24.75,56.0,0.0,0.125,2.0,138.0,I,0,1,8,8
28,24.875,53.0,9.0,0.125,2.0,138.0,I,0,1,8,8
29,25.0,56.0,0.0,0.375,2.0,138.0,I,0,1,8,8
30,25.375,53.0,9.0,0.625,2.0,138.0,I,0,1,8,8
31,26.0,56.0,0.0,0.25,2.0,138.0,I,0,1,8,8
32,26.25,53.0,9.0,0.125,2.0,138.0,I,0,1,8,8
33,26.375,56.0,0.0,0.125,2.0,138.0,I,0,1,8,8
34,26.5,56.0,0.0,0.25,2.0,138.0,I,0,1,8,8
35,26.75,53.0,9.0,0.25,2.0,138.0,I,0,1,8,8
36,27.0,51.0,7.0,0.625,2.0,138.0,I,0,1,8,8
37,27.625,51.0,7.0,0.125,2.0,138.0,I,0,1,8,8
38,27.75,53.0,9.0,0.125,2.0,138.0,I,0,1,8,8
39,27.875,53.0,9.0,0.125,2.0,138.0,I,0,1,8,8
40,28.0,56.0,0.0,0.25,2.0,138.0,I,0,1,8,8
41,28.25,56.0,0.0,0.25,2.0,138.0,I,0,1,8,8
42,28.5,56.0,0.0,0.25,2.0,138.0,I,0,1,8,8
43,28.75,53.0,9.0,0.25,2.0,138.0,I,0,1,8,8
44,29.0,56.0,0.0,0.125,2.0,138.0,I,0,1,8,8
45,29.125,53.0,9.0,0.25,2.0,138.0,I,0,1,8,8
46,29.375,53.0,9.0,0.625,2.0,138.0,I,0,1,8,8
47,30.0,56.0,0.0,0.125,2.0,138.0,I,0,1,8,8
48,30.125,56.0,0.0,0.125,2.0,138.0,I,0,1,8,8
49,30.25,56.0,0.0,0.125,2.0,138.0,I,0,1,8,8
50,30.375,53.0,9.0,0.125,2.0,138.0,I,0,1,8,8
51,30.5,56.0,0.0,0.25,2.0,138.0,I,0,1,8,8
52,30.75,54.0,10.0,0.25,2.0,138.0,I,0,1,8,8
53,31.0,56.0,0.0,0.75,2.0,138.0,I,0,1,8,8
54,31.75,53.0,9.0,0.25,2.0,138.0,I,0,1,8,8
55,32.0,56.0,0.0,0.125,2.0,138.0,I,0,1,8,8
56,32.125,56.0,0.0,0.375,2.0,138.0,I,0,1,8,8
57,32.5,56.0,0.0,0.125,2.0,138.0,I,0,1,8,8
58,32.625,56.0,0.0,0.125,2.0,138.0,I,0,1,8,8
59,32.75,56.0,0.0,0.125,2.0,138.0,I,0,1,8,8
60,32.875,56.0,0.0,0.125,2.0,138.0,I,0,1,8,8
61,33.0,56.0,0.0,0.125,2.0,138.0,I,0,1,8,8
62,33.125,56.0,0.0,0.25,2.0,138.0,I,0,1,8,8
63,33.375,56.0,0.0,0.125,2.0,138.0,I,0,1,8,8
64,33.5,56.0,0.0,0.25,2.0,138.0,I,0,1,8,8
65,33.75,56.0,0.0,0.125,2.0,138.0,I,0,1,8,8
66,33.875,56.0,0.0,0.125,2.0,138.0,I,0,1,8,8
67,34.0,59.0,3.0,0.125,2.0,138.0,I,0,1,8,8
68,34.125,59.0,3.0,0.25,2.0,138.0,I,0,1,8,8
69,34.375,59.0,3.0,0.25,2.0,138.0,I,0,1,8,8
70,34.625,56.0,0.0,0.25,2.0,138.0,I,0,1,8,8
71,34.875,53.0,9.0,0.125,2.0,138.0,I,0,1,8,8
72,35.0,51.0,7.0,1.0,2.0,138.0,I,0,1,8,8
73,36.0,59.0,3.0,0.5,2.0,138.0,I,0,1,8,8
74,36.5,58.0,2.0,0.25,2.0,138.0,I,0,1,8,8
75,36.75,56.0,0.0,0.125,2.0,138.0,I,0,1,8,8
76,36.875,56.0,0.0,1.125,2.0,138.0,I,0,1,8,8
77,38.0,59.0,3.0,0.5,2.0,138.0,I,0,1,8,8
78,38.5,58.0,2.0,0.25,2.0,138.0,I,0,1,8,8
79,38.75,56.0,0.0,0.125,2.0,138.0,I,0,1,8,8
80,38.875,56.0,0.0,1.125,2.0,138.0,I,0,1,8,8
81,40.0,59.0,3.0,0.5,2.0,138.0,I,0,1,8,8
82,40.5,58.0,2.0,0.25,2.0,138.0,I,0,1,8,8
83,40.75,56.0,0.0,0.125,2.0,138.0,I,0,1,8,8
84,40.875,56.0,0.0,1.125,2.0,138.0,I,0,1,8,8
85,42.0,59.0,3.0,0.5,2.0,138.0,I,0,1,8,8
86,42.5,58.0,2.0,0.25,2.0,138.0,I,0,1,8,8
87,42.75,56.0,0.0,0.125,2.0,138.0,I,0,1,8,8
88,42.875,56.0,0.0,1.125,2.0,138.0,I,0,1,8,8
89,44.0,59.0,3.0,0.5,2.0,138.0,I,0,1,8,8
90,44.5,58.0,2.0,0.25,2.0,138.0,I,0,1,8,8
91,44.75,56.0,0.0,0.125,2.0,138.0,I,0,1,8,8
92,44.875,56.0,0.0,1.125,2.0,138.0,I,0,1,8,8
93,46.0,56.0,0.0,0.25,2.0,138.0,I,0,1,8,8
94,46.25,56.0,0.0,0.25,2.0,138.0,I,0,1,8,8
95,46.5,56.0,0.0,0.25,2.0,138.0,I,0,1,8,8
96,46.75,56.0,0.0,0.125,2.0,138.0,I,0,1,8,8
97,46.875,56.0,0.0,0.125,2.0,138.0,I,0,1,8,8
98,47.0,56.0,0.0,0.25,2.0,138.0,I,0,1,8,8
99,47.25,56.0,0.0,0.25,2.0,138.0,I,0,1,8,8
100,47.5,56.0,0.0,0.5,2.0,138.0,I,0,1,8,8
101,48.0,56.0,0.0,0.25,2.0,138.0,I,0,1,8,8
102,48.25,56.0,0.0,0.125,2.0,138.0,I,0,1,8,8
103,48.375,56.0,0.0,0.125,2.0,138.0,I,0,1,8,8
104,48.5,56.0,0.0,0.125,2.0,138.0,I,0,1,8,8
105,48.625,56.0,0.0,0.125,2.0,138.0,I,0,1,8,8
106,48.75,56.0,0.0,0.125,2.0,138.0,I,0,1,8,8
107,48.875,59.0,3.0,0.25,2.0,138.0,I,0,1,8,8
108,49.125,53.0,9.0,0.375,2.0,138.0,I,0,1,8,8
109,49.5,51.0,7.0,0.5,2.0,138.0,I,0,1,8,8
110,50.0,59.0,3.0,0.5,2.0,138.0,I,0,1,8,8
111,50.5,58.0,2.0,0.25,2.0,138.0,I,0,1,8,8
112,50.75,56.0,0.0,0.125,2.0,138.0,I,0,1,8,8
113,50.875,56.0,0.0,1.125,2.0,138.0,I,0,1,8,8
114,52.0,59.0,3.0,0.5,2.0,138.0,I,0,1,8,8
115,52.5,58.0,2.0,0.25,2.0,138.0,I,0,1,8,8
116,52.75,56.0,0.0,0.125,2.0,138.0,I,0,1,8,8
117,52.875,56.0,0.0,1.125,2.0,138.0,I,0,1,8,8
118,54.0,59.0,3.0,0.5,2.0,138.0,I,0,1,8,8
119,54.5,58.0,2.0,0.25,2.0,138.0,I,0,1,8,8
120,54.75,56.0,0.0,0.125,2.0,138.0,I,0,1,8,8
121,54.875,56.0,0.0,1.125,2.0,138.0,I,0,1,8,8
122,56.0,59.0,3.0,0.5,2.0,138.0,I,0,1,8,8
123,56.5,58.0,2.0,0.25,2.0,138.0,I,0,1,8,8
124,56.75,56.0,0.0,0.125,2.0,138.0,I,0,1,8,8
125,56.875,56.0,0.0,0.75,2.0,138.0,I,0,1,8,8
126,57.625,51.0,7.0,0.125,2.0,138.0,I,0,1,8,8
127,57.75,53.0,9.0,0.125,2.0,138.0,I,0,1,8,8
128,57.875,53.0,9.0,0.125,2.0,138.0,I,0,1,8,8
129,58.0,56.0,0.0,0.25,2.0,138.0,I,0,1,8,8
130,58.25,53.0,9.0,0.125,2.0,138.0,I,0,1,8,8
131,58.375,56.0,0.0,0.375,2.0,138.0,I,0,1,8,8
132,58.75,53.0,9.0,0.125,2.0,138.0,I,0,1,8,8
133,58.875,53.0,9.0,0.125,2.0,138.0,I,0,1,8,8
134,59.0,56.0,0.0,0.125,2.0,138.0,I,0,1,8,8
135,59.125,56.0,0.0,0.125,2.0,138.0,I,0,1,8,8
136,59.25,56.0,0.0,0.25,2.0,138.0,I,0,1,8,8
137,59.5,56.0,0.0,0.5,2.0,138.0,I,0,1,8,8
138,60.0,56.0,0.0,0.125,2.0,138.0,I,0,1,8,8
139,60.125,56.0,0.0,0.125,2.0,138.0,I,0,1,8,8
140,60.25,56.0,0.0,0.125,2.0,138.0,I,0,1,8,8
141,60.375,56.0,0.0,0.125,2.0,138.0,I,0,1,8,8
142,60.5,56.0,0.0,0.125,2.0,138.0,I,0,1,8,8
143,60.625,56.0,0.0,0.125,2.0,138.0,I,0,1,8,8
144,60.75,56.0,0.0,0.25,2.0,138.0,I,0,1,8,8
145,61.0,59.0,3.0,0.125,2.0,138.0,I,0,1,8,8
146,61.125,59.0,3.0,0.125,2.0,138.0,I,0,1,8,8
147,61.25,53.0,9.0,0.125,2.0,138.0,I,0,1,8,8
148,61.375,51.0,7.0,0.625,2.0,138.0,I,0,1,8,8
149,62.0,59.0,3.0,0.5,2.0,138.0,I,0,1,8,8
150,62.5,58.0,2.0,0.25,2.0,138.0,I,0,1,8,8
151,62.75,56.0,0.0,0.125,2.0,138.0,I,0,1,8,8
152,62.875,56.0,0.0,1.125,2.0,138.0,I,0,1,8,8
153,64.0,59.0,3.0,0.5,2.0,138.0,I,0,1,8,8
154,64.5,58.0,2.0,0.25,2.0,138.0,I,0,1,8,8
155,64.75,56.0,0.0,0.125,2.0,138.0,I,0,1,8,8
156,64.875,56.0,0.0,1.125,2.0,138.0,I,0,1,8,8
157,66.0,59.0,3.0,0.5,2.0,138.0,I,0,1,8,8
158,66.5,58.0,2.0,0.25,2.0,138.0,I,0,1,8,8
159,66.75,56.0,0.0,0.125,2.0,138.0,I,0,1,8,8
160,66.875,56.0,0.0,1.125,2.0,138.0,I,0,1,8,8
161,68.0,59.0,3.0,0.5,2.0,138.0,I,0,1,8,8
162,68.5,58.0,2.0,0.25,2.0,138.0,I,0,1,8,8
163,68.75,56.0,0.0,0.125,2.0,138.0,I,0,1,8,8
164,68.875,56.0,0.0,29.125,2.0,138.0,I,0,1,8,8
165,98.0,56.0,0.0,0.25,2.0,138.0,I,0,1,8,8
166,98.25,54.0,10.0,0.125,2.0,138.0,I,0,1,8,8
167,98.375,56.0,0.0,0.375,2.0,138.0,I,0,1,8,8
168,98.75,54.0,10.0,0.125,2.0,138.0,I,0,1,8,8
169,98.875,51.0,7.0,0.125,2.0,138.0,I,0,1,8,8
170,99.0,56.0,0.0,0.25,2.0,138.0,I,0,1,8,8
171,99.25,56.0,0.0,0.125,2.0,138.0,I,0,1,8,8
172,99.375,54.0,10.0,0.625,2.0,138.0,I,0,1,8,8
173,100.0,56.0,0.0,0.25,2.0,138.0,I,0,1,8,8
174,100.25,54.0,10.0,0.125,2.0,138.0,I,0,1,8,8
175,100.375,56.0,0.0,0.25,2.0,138.0,I,0,1,8,8
176,100.625,56.0,0.0,0.25,2.0,138.0,I,0,1,8,8
177,100.875,59.0,3.0,0.375,2.0,138.0,I,0,1,8,8
178,101.25,53.0,9.0,0.125,2.0,138.0,I,0,1,8,8
179,101.375,53.0,9.0,0.125,2.0,138.0,I,0,1,8,8
180,101.5,51.0,7.0,0.5,2.0,138.0,I,0,1,8,8
181,102.0,56.0,0.0,0.125,2.0,138.0,I,0,1,8,8
182,102.125,56.0,0.0,0.25,2.0,138.0,I,0,1,8,8
183,102.375,56.0,0.0,0.25,2.0,138.0,I,0,1,8,8
184,102.625,53.0,9.0,0.375,2.0,138.0,I,0,1,8,8
185,103.0,56.0,0.0,0.25,2.0,138.0,I,0,1,8,8
186,103.25,56.0,0.0,0.125,2.0,138.0,I,0,1,8,8
187,103.375,56.0,0.0,0.125,2.0,138.0,I,0,1,8,8
188,103.5,53.0,9.0,0.5,2.0,138.0,I,0,1,8,8
189,104.0,56.0,0.0,0.25,2.0,138.0,I,0,1,8,8
190,104.25,56.0,0.0,0.125,2.0,138.0,I,0,1,8,8
191,104.375,56.0,0.0,0.125,2.0,138.0,I,0,1,8,8
192,104.5,56.0,0.0,0.25,2.0,138.0,I,0,1,8,8
193,104.75,56.0,0.0,0.25,2.0,138.0,I,0,1,8,8
194,105.0,56.0,0.0,0.125,2.0,138.0,I,0,1,8,8
195,105.125,56.0,0.0,0.25,2.0,138.0,I,0,1,8,8
196,105.375,53.0,9.0,0.625,2.0,138.0,I,0,1,8,8
197,106.0,59.0,3.0,0.5,2.0,138.0,I,0,1,8,8
198,106.5,58.0,2.0,0.25,2.0,138.0,I,0,1,8,8
199,106.75,56.0,0.0,0.125,2.0,138.0,I,0,1,8,8
200,106.875,56.0,0.0,1.125,2.0,138.0,I,0,1,8,8
201,108.0,59.0,3.0,0.5,2.0,138.0,I,0,1,8,8
202,108.5,58.0,2.0,0.25,2.0,138.0,I,0,1,8,8
203,108.75,56.0,0.0,0.125,2.0,138.0,I,0,1,8,8
204,108.875,56.0,0.0,1.125,2.0,138.0,I,0,1,8,8
205,110.0,59.0,3.0,0.5,2.0,138.0,I,0,1,8,8
206,110.5,58.0,2.0,0.25,2.0,138.0,I,0,1,8,8
207,110.75,56.0,0.0,0.125,2.0,138.0,I,0,1,8,8
208,110.875,56.0,0.0,1.125,2.0,138.0,I,0,1,8,8
209,112.0,59.0,3.0,0.5,2.0,138.0,I,0,1,8,8
210,112.5,58.0,2.0,0.25,2.0,138.0,I,0,1,8,8
211,112.75,56.0,0.0,0.125,2.0,138.0,I,0,1,8,8
212,112.875,56.0,0.0,1.125,2.0,138.0,I,0,1,8,8
213,114.0,56.0,0.0,0.25,2.0,138.0,I,0,1,8,8
214,114.25,56.0,0.0,0.25,2.0,138.0,I,0,1,8,8
215,114.5,56.0,0.0,0.25,2.0,138.0,I,0,1,8,8
216,114.75,56.0,0.0,0.25,2.0,138.0,I,0,1,8,8
217,115.0,56.0,0.0,0.125,2.0,138.0,I,0,1,8,8
218,115.125,56.0,0.0,0.25,2.0,138.0,I,0,1,8,8
219,115.375,56.0,0.0,0.25,2.0,138.0,I,0,1,8,8
220,115.625,56.0,0.0,0.125,2.0,138.0,I,0,1,8,8
221,115.75,56.0,0.0,0.125,2.0,138.0,I,0,1,8,8
222,115.875,56.0,0.0,0.375,2.0,138.0,I,0,1,8,8
223,116.25,56.0,0.0,0.25,2.0,138.0,I,0,1,8,8
224,116.5,56.0,0.0,0.125,2.0,138.0,I,0,1,8,8
225,116.625,56.0,0.0,0.125,2.0,138.0,I,0,1,8,8
226,116.75,54.0,10.0,0.125,2.0,138.0,I,0,1,8,8
227,116.875,53.0,9.0,0.125,2.0,138.0,I,0,1,8,8
228,117.0,56.0,0.0,0.25,2.0,138.0,I,0,1,8,8
229,117.25,56.0,0.0,0.125,2.0,138.0,I,0,1,8,8
230,117.375,56.0,0.0,0.625,2.0,138.0,I,0,1,8,8
231,118.0,59.0,3.0,0.5,2.0,138.0,I,0,1,8,8
232,118.5,58.0,2.0,0.25,2.0,138.0,I,0,1,8,8
233,118.75,56.0,0.0,0.125,2.0,138.0,I,0,1,8,8
234,118.875,56.0,0.0,1.125,2.0,138.0,I,0,1,8,8
235,120.0,59.0,3.0,0.5,2.0,138.0,I,0,1,8,8
236,120.5,58.0,2.0,0.25,2.0,138.0,I,0,1,8,8
237,120.75,56.0,0.0,0.125,2.0,138.0,I,0,1,8,8
238,120.875,56.0,0.0,1.125,2.0,138.0,I,0,1,8,8
239,122.0,59.0,3.0,0.5,2.0,138.0,I,0,1,8,8
240,122.5,58.0,2.0,0.25,2.0,138.0,I,0,1,8,8
241,122.75,56.0,0.0,0.125,2.0,138.0,I,0,1,8,8
242,122.875,56.0,0.0,1.125,2.0,138.0,I,0,1,8,8
243,124.0,59.0,3.0,0.5,2.0,138.0,I,0,1,8,8
244,124.5,58.0,2.0,0.25,2.0,138.0,I,0,1,8,8
245,124.75,56.0,0.0,0.125,2.0,138.0,I,0,1,8,8
