,time,note,scale degree,length,start,end,numeral,chromatic root,diatonic root,key,absolute root
0,4.0,56.0,0.0,0.625,0.0,12.0,I,0,1,8,8
1,4.625,56.0,0.0,0.125,0.0,12.0,I,0,1,8,8
2,4.75,60.0,4.0,0.125,0.0,12.0,I,0,1,8,8
3,4.875,61.0,5.0,0.125,0.0,12.0,I,0,1,8,8
4,5.0,60.0,4.0,0.125,0.0,12.0,I,0,1,8,8
5,5.125,56.0,0.0,0.125,0.0,12.0,I,0,1,8,8
6,5.25,54.0,10.0,0.125,0.0,12.0,I,0,1,8,8
7,5.375,56.0,0.0,0.25,0.0,12.0,I,0,1,8,8
8,5.625,56.0,0.0,0.125,0.0,12.0,I,0,1,8,8
9,5.75,60.0,4.0,0.125,0.0,12.0,I,0,1,8,8
10,5.875,61.0,5.0,0.125,0.0,12.0,I,0,1,8,8
11,6.0,62.0,6.0,0.125,0.0,12.0,I,0,1,8,8
12,6.125,61.0,5.0,0.125,0.0,12.0,I,0,1,8,8
13,6.25,59.0,3.0,0.125,0.0,12.0,I,0,1,8,8
14,6.375,56.0,0.0,0.125,0.0,12.0,I,0,1,8,8
15,6.5,60.0,4.0,0.125,0.0,12.0,I,0,1,8,8
16,6.625,56.0,0.0,0.125,0.0,12.0,I,0,1,8,8
17,6.75,54.0,10.0,0.125,0.0,12.0,I,0,1,8,8
18,6.875,56.0,0.0,0.1870000000000002,0.0,12.0,I,0,1,8,8
19,7.062,56.0,0.0,0.9379999999999996,0.0,12.0,I,0,1,8,8
20,8.0,56.0,0.0,0.0619999999999993,0.0,12.0,I,0,1,8,8
21,8.062,54.0,10.0,0.0630000000000006,0.0,12.0,I,0,1,8,8
22,8.125,56.0,0.0,0.5,0.0,12.0,I,0,1,8,8
23,8.625,56.0,0.0,0.125,0.0,12.0,I,0,1,8,8
24,8.75,59.0,3.0,0.125,0.0,12.0,I,0,1,8,8
25,8.875,56.0,0.0,0.125,0.0,12.0,I,0,1,8,8
26,9.0,59.0,3.0,0.125,0.0,12.0,I,0,1,8,8
27,9.125,56.0,0.0,0.125,0.0,12.0,I,0,1,8,8
28,9.25,54.0,10.0,0.375,0.0,12.0,I,0,1,8,8
29,9.625,56.0,0.0,0.125,0.0,12.0,I,0,1,8,8
30,9.75,60.0,4.0,0.125,0.0,12.0,I,0,1,8,8
31,9.875,61.0,5.0,0.125,0.0,12.0,I,0,1,8,8
32,10.0,63.0,7.0,0.125,0.0,12.0,I,0,1,8,8
33,10.125,61.0,5.0,0.125,0.0,12.0,I,0,1,8,8
34,10.25,59.0,3.0,0.125,0.0,12.0,I,0,1,8,8
35,10.375,56.0,0.0,0.125,0.0,12.0,I,0,1,8,8
36,10.5,59.0,3.0,0.125,0.0,12.0,I,0,1,8,8
37,10.625,56.0,0.0,0.0630000000000006,0.0,12.0,I,0,1,8,8
38,10.688,54.0,10.0,0.0619999999999993,0.0,12.0,I,0,1,8,8
39,10.75,56.0,0.0,1.25,0.0,12.0,I,0,1,8,8
40,12.0,58.0,2.0,0.625,0.0,12.0,I,0,1,8,8
41,12.625,58.0,2.0,0.125,12.0,16.0,V/V,2,2,8,10
42,12.75,62.0,6.0,0.125,12.0,16.0,V/V,2,2,8,10
43,12.875,63.0,7.0,0.125,12.0,16.0,V/V,2,2,8,10
44,13.0,62.0,6.0,0.125,12.0,16.0,V/V,2,2,8,10
45,13.125,58.0,2.0,0.125,12.0,16.0,V/V,2,2,8,10
46,13.25,56.0,0.0,0.375,12.0,16.0,V/V,2,2,8,10
47,13.625,58.0,2.0,0.125,12.0,16.0,V/V,2,2,8,10
48,13.75,62.0,6.0,0.125,12.0,16.0,V/V,2,2,8,10
49,13.875,63.0,7.0,0.125,12.0,16.0,V/V,2,2,8,10
50,14.0,64.0,8.0,0.125,12.0,16.0,V/V,2,2,8,10
51,14.125,63.0,7.0,0.125,12.0,16.0,V/V,2,2,8,10
52,14.25,61.0,5.0,0.125,12.0,16.0,V/V,2,2,8,10
53,14.375,58.0,2.0,0.125,12.0,16.0,V/V,2,2,8,10
54,14.5,62.0,6.0,0.125,12.0,16.0,V/V,2,2,8,10
55,14.625,58.0,2.0,0.125,12.0,16.0,V/V,2,2,8,10
56,14.75,56.0,0.0,0.125,12.0,16.0,V/V,2,2,8,10
57,14.875,58.0,2.0,0.25,12.0,16.0,V/V,2,2,8,10
58,15.125,58.0,2.0,0.4369999999999994,12.0,16.0,V/V,2,2,8,10
59,15.562,58.0,2.0,0.4380000000000006,12.0,16.0,V/V,2,2,8,10
60,16.0,63.0,7.0,0.625,12.0,16.0,V/V,2,2,8,10
61,16.625,63.0,7.0,0.125,16.0,22.0,V,7,5,8,3
62,16.75,66.0,10.0,0.125,16.0,22.0,V,7,5,8,3
63,16.875,63.0,7.0,0.125,16.0,22.0,V,7,5,8,3
64,17.0,66.0,10.0,0.125,16.0,22.0,V,7,5,8,3
65,17.125,63.0,7.0,0.125,16.0,22.0,V,7,5,8,3
66,17.25,61.0,5.0,0.375,16.0,22.0,V,7,5,8,3
67,17.625,63.0,7.0,0.125,16.0,22.0,V,7,5,8,3
68,17.75,66.0,10.0,0.125,16.0,22.0,V,7,5,8,3
69,17.875,63.0,7.0,0.125,16.0,22.0,V,7,5,8,3
70,18.0,66.0,10.0,0.125,16.0,22.0,V,7,5,8,3
71,18.125,63.0,7.0,0.125,16.0,22.0,V,7,5,8,3
72,18.25,66.0,10.0,0.125,16.0,22.0,V,7,5,8,3
73,18.375,63.0,7.0,0.125,16.0,22.0,V,7,5,8,3
74,18.5,66.0,10.0,0.125,16.0,22.0,V,7,5,8,3
75,18.625,63.0,7.0,0.25,16.0,22.0,V,7,5,8,3
76,18.875,61.0,5.0,0.125,16.0,22.0,V,7,5,8,3
77,19.0,63.0,7.0,0.125,16.0,22.0,V,7,5,8,3
78,19.125,63.0,7.0,0.125,16.0,22.0,V,7,5,8,3
79,19.25,61.0,5.0,0.125,16.0,22.0,V,7,5,8,3
80,19.375,63.0,7.0,0.5,16.0,22.0,V,7,5,8,3
81,19.875,61.0,5.0,0.125,16.0,22.0,V,7,5,8,3
82,20.0,63.0,7.0,0.125,16.0,22.0,V,7,5,8,3
83,20.125,63.0,7.0,0.125,16.0,22.0,V,7,5,8,3
84,20.25,61.0,5.0,0.125,16.0,22.0,V,7,5,8,3
85,20.375,63.0,7.0,0.5,16.0,22.0,V,7,5,8,3
86,20.875,61.0,5.0,0.125,16.0,22.0,V,7,5,8,3
87,21.0,63.0,7.0,0.125,16.0,22.0,V,7,5,8,3
88,21.125,63.0,7.0,0.125,16.0,22.0,V,7,5,8,3
89,21.25,61.0,5.0,0.125,16.0,22.0,V,7,5,8,3
90,21.375,63.0,7.0,2.625,16.0,22.0,V,7,5,8,3
91,24.0,56.0,0.0,0.625,22.0,24.0,IV,5,4,8,1
92,24.625,56.0,0.0,0.125,24.0,32.0,I,0,1,8,8
93,24.75,59.0,3.0,0.125,24.0,32.0,I,0,1,8,8
94,24.875,56.0,0.0,0.125,24.0,32.0,I,0,1,8,8
95,25.0,59.0,3.0,0.125,24.0,32.0,I,0,1,8,8
96,25.125,56.0,0.0,0.125,24.0,32.0,I,0,1,8,8
97,25.25,54.0,10.0,0.375,24.0,32.0,I,0,1,8,8
98,25.625,56.0,0.0,0.125,24.0,32.0,I,0,1,8,8
99,25.75,59.0,3.0,0.125,24.0,32.0,I,0,1,8,8
100,25.875,61.0,5.0,0.125,24.0,32.0,I,0,1,8,8
101,26.0,63.0,7.0,0.125,24.0,32.0,I,0,1,8,8
102,26.125,61.0,5.0,0.125,24.0,32.0,I,0,1,8,8
103,26.25,59.0,3.0,0.125,24.0,32.0,I,0,1,8,8
104,26.375,56.0,0.0,0.125,24.0,32.0,I,0,1,8,8
105,26.5,60.0,4.0,0.125,24.0,32.0,I,0,1,8,8
106,26.625,56.0,0.0,0.0629999999999988,24.0,32.0,I,0,1,8,8
107,26.688,54.0,10.0,0.0620000000000011,24.0,32.0,I,0,1,8,8
108,26.75,56.0,0.0,1.25,24.0,32.0,I,0,1,8,8
109,28.0,56.0,0.0,0.625,24.0,32.0,I,0,1,8,8
110,28.625,56.0,0.0,0.125,24.0,32.0,I,0,1,8,8
111,28.75,59.0,3.0,0.125,24.0,32.0,I,0,1,8,8
112,28.875,56.0,0.0,0.125,24.0,32.0,I,0,1,8,8
113,29.0,59.0,3.0,0.125,24.0,32.0,I,0,1,8,8
114,29.125,56.0,0.0,0.125,24.0,32.0,I,0,1,8,8
115,29.25,54.0,10.0,0.375,24.0,32.0,I,0,1,8,8
116,29.625,56.0,0.0,0.125,24.0,32.0,I,0,1,8,8
117,29.75,59.0,3.0,0.125,24.0,32.0,I,0,1,8,8
118,29.875,61.0,5.0,0.125,24.0,32.0,I,0,1,8,8
119,30.0,63.0,7.0,0.125,24.0,32.0,I,0,1,8,8
120,30.125,61.0,5.0,0.125,24.0,32.0,I,0,1,8,8
121,30.25,59.0,3.0,0.125,24.0,32.0,I,0,1,8,8
122,30.375,56.0,0.0,0.125,24.0,32.0,I,0,1,8,8
123,30.5,59.0,3.0,0.125,24.0,32.0,I,0,1,8,8
124,30.625,56.0,0.0,0.0629999999999988,24.0,32.0,I,0,1,8,8
125,30.688,54.0,10.0,0.0620000000000011,24.0,32.0,I,0,1,8,8
126,30.75,56.0,0.0,1.25,24.0,32.0,I,0,1,8,8
127,32.0,58.0,2.0,0.625,24.0,32.0,I,0,1,8,8
128,32.625,58.0,2.0,0.125,32.0,36.0,V/V,2,2,8,10
129,32.75,62.0,6.0,0.125,32.0,36.0,V/V,2,2,8,10
130,32.875,63.0,7.0,0.125,32.0,36.0,V/V,2,2,8,10
131,33.0,61.0,5.0,0.125,32.0,36.0,V/V,2,2,8,10
132,33.125,58.0,2.0,0.125,32.0,36.0,V/V,2,2,8,10
133,33.25,56.0,0.0,0.375,32.0,36.0,V/V,2,2,8,10
134,33.625,58.0,2.0,0.125,32.0,36.0,V/V,2,2,8,10
135,33.75,62.0,6.0,0.125,32.0,36.0,V/V,2,2,8,10
136,33.875,63.0,7.0,0.125,32.0,36.0,V/V,2,2,8,10
137,34.0,64.0,8.0,0.125,32.0,36.0,V/V,2,2,8,10
138,34.125,63.0,7.0,0.125,32.0,36.0,V/V,2,2,8,10
139,34.25,61.0,5.0,0.125,32.0,36.0,V/V,2,2,8,10
140,34.375,58.0,2.0,0.125,32.0,36.0,V/V,2,2,8,10
141,34.5,62.0,6.0,0.125,32.0,36.0,V/V,2,2,8,10
142,34.625,58.0,2.0,0.125,32.0,36.0,V/V,2,2,8,10
143,34.75,56.0,0.0,0.125,32.0,36.0,V/V,2,2,8,10
144,34.875,58.0,2.0,0.25,32.0,36.0,V/V,2,2,8,10
145,35.125,58.0,2.0,0.4369999999999976,32.0,36.0,V/V,2,2,8,10
146,35.562,58.0,2.0,0.4380000000000024,32.0,36.0,V/V,2,2,8,10
147,36.0,63.0,7.0,0.625,32.0,36.0,V/V,2,2,8,10
148,36.625,63.0,7.0,0.125,36.0,42.0,V,7,5,8,3
149,36.75,66.0,10.0,0.125,36.0,42.0,V,7,5,8,3
150,36.875,63.0,7.0,0.125,36.0,42.0,V,7,5,8,3
151,37.0,66.0,10.0,0.125,36.0,42.0,V,7,5,8,3
152,37.125,63.0,7.0,0.125,36.0,42.0,V,7,5,8,3
153,37.25,61.0,5.0,0.375,36.0,42.0,V,7,5,8,3
154,37.625,63.0,7.0,0.125,36.0,42.0,V,7,5,8,3
155,37.75,66.0,10.0,0.125,36.0,42.0,V,7,5,8,3
156,37.875,63.0,7.0,0.125,36.0,42.0,V,7,5,8,3
157,38.0,66.0,10.0,0.125,36.0,42.0,V,7,5,8,3
158,38.125,63.0,7.0,0.125,36.0,42.0,V,7,5,8,3
159,38.25,66.0,10.0,0.125,36.0,42.0,V,7,5,8,3
160,38.375,63.0,7.0,0.125,36.0,42.0,V,7,5,8,3
161,38.5,66.0,10.0,0.125,36.0,42.0,V,7,5,8,3
162,38.625,63.0,7.0,0.25,36.0,42.0,V,7,5,8,3
163,38.875,61.0,5.0,0.125,36.0,42.0,V,7,5,8,3
164,39.0,63.0,7.0,0.125,36.0,42.0,V,7,5,8,3
165,39.125,63.0,7.0,0.125,36.0,42.0,V,7,5,8,3
166,39.25,61.0,5.0,0.125,36.0,42.0,V,7,5,8,3
167,39.375,63.0,7.0,0.5,36.0,42.0,V,7,5,8,3
168,39.875,61.0,5.0,0.125,36.0,42.0,V,7,5,8,3
169,40.0,63.0,7.0,0.125,36.0,42.0,V,7,5,8,3
170,40.125,63.0,7.0,0.125,36.0,42.0,V,7,5,8,3
171,40.25,61.0,5.0,0.125,36.0,42.0,V,7,5,8,3
172,40.375,63.0,7.0,0.5,36.0,42.0,V,7,5,8,3
173,40.875,61.0,5.0,0.125,36.0,42.0,V,7,5,8,3
174,41.0,63.0,7.0,0.125,36.0,42.0,V,7,5,8,3
175,41.125,63.0,7.0,0.125,36.0,42.0,V,7,5,8,3
176,41.25,61.0,5.0,0.125,36.0,42.0,V,7,5,8,3
177,41.375,63.0,7.0,12.625,36.0,42.0,V,7,5,8,3
178,54.0,63.0,7.0,0.625,44.0,62.0,I,0,1,8,8
179,54.625,56.0,0.0,0.125,44.0,62.0,I,0,1,8,8
180,54.75,59.0,3.0,0.125,44.0,62.0,I,0,1,8,8
181,54.875,56.0,0.0,0.125,44.0,62.0,I,0,1,8,8
182,55.0,59.0,3.0,0.125,44.0,62.0,I,0,1,8,8
183,55.125,56.0,0.0,0.125,44.0,62.0,I,0,1,8,8
184,55.25,54.0,10.0,0.375,44.0,62.0,I,0,1,8,8
185,55.625,56.0,0.0,0.125,44.0,62.0,I,0,1,8,8
186,55.75,60.0,4.0,0.125,44.0,62.0,I,0,1,8,8
187,55.875,61.0,5.0,0.125,44.0,62.0,I,0,1,8,8
188,56.0,63.0,7.0,0.125,44.0,62.0,I,0,1,8,8
189,56.125,61.0,5.0,0.125,44.0,62.0,I,0,1,8,8
190,56.25,59.0,3.0,0.125,44.0,62.0,I,0,1,8,8
191,56.375,56.0,0.0,0.125,44.0,62.0,I,0,1,8,8
192,56.5,60.0,4.0,0.125,44.0,62.0,I,0,1,8,8
193,56.625,56.0,0.0,0.0630000000000023,44.0,62.0,I,0,1,8,8
194,56.688,54.0,10.0,0.0619999999999976,44.0,62.0,I,0,1,8,8
195,56.75,56.0,0.0,1.25,44.0,62.0,I,0,1,8,8
196,58.0,56.0,0.0,0.625,44.0,62.0,I,0,1,8,8
197,58.625,56.0,0.0,0.125,44.0,62.0,I,0,1,8,8
198,58.75,59.0,3.0,0.125,44.0,62.0,I,0,1,8,8
199,58.875,56.0,0.0,0.125,44.0,62.0,I,0,1,8,8
200,59.0,59.0,3.0,0.125,44.0,62.0,I,0,1,8,8
201,59.125,56.0,0.0,0.125,44.0,62.0,I,0,1,8,8
202,59.25,54.0,10.0,0.375,44.0,62.0,I,0,1,8,8
203,59.625,56.0,0.0,0.125,44.0,62.0,I,0,1,8,8
204,59.75,59.0,3.0,0.125,44.0,62.0,I,0,1,8,8
205,59.875,61.0,5.0,0.125,44.0,62.0,I,0,1,8,8
206,60.0,63.0,7.0,0.125,44.0,62.0,I,0,1,8,8
207,60.125,61.0,5.0,0.125,44.0,62.0,I,0,1,8,8
208,60.25,59.0,3.0,0.125,44.0,62.0,I,0,1,8,8
209,60.375,56.0,0.0,0.125,44.0,62.0,I,0,1,8,8
210,60.5,59.0,3.0,0.125,44.0,62.0,I,0,1,8,8
211,60.625,56.0,0.0,1.375,44.0,62.0,I,0,1,8,8
212,62.0,58.0,2.0,0.625,44.0,62.0,I,0,1,8,8
213,62.625,58.0,2.0,0.125,62.0,66.0,V/V,2,2,8,10
214,62.75,61.0,5.0,0.125,62.0,66.0,V/V,2,2,8,10
215,62.875,63.0,7.0,0.125,62.0,66.0,V/V,2,2,8,10
216,63.0,61.0,5.0,0.125,62.0,66.0,V/V,2,2,8,10
217,63.125,58.0,2.0,0.125,62.0,66.0,V/V,2,2,8,10
218,63.25,56.0,0.0,0.375,62.0,66.0,V/V,2,2,8,10
219,63.625,58.0,2.0,0.125,62.0,66.0,V/V,2,2,8,10
220,63.75,62.0,6.0,0.125,62.0,66.0,V/V,2,2,8,10
221,63.875,63.0,7.0,0.125,62.0,66.0,V/V,2,2,8,10
222,64.0,64.0,8.0,0.125,62.0,66.0,V/V,2,2,8,10
223,64.125,63.0,7.0,0.125,62.0,66.0,V/V,2,2,8,10
224,64.25,61.0,5.0,0.125,62.0,66.0,V/V,2,2,8,10
225,64.375,58.0,2.0,0.125,62.0,66.0,V/V,2,2,8,10
226,64.5,62.0,6.0,0.125,62.0,66.0,V/V,2,2,8,10
227,64.625,58.0,2.0,0.125,62.0,66.0,V/V,2,2,8,10
228,64.75,56.0,0.0,0.125,62.0,66.0,V/V,2,2,8,10
229,64.875,58.0,2.0,0.25,62.0,66.0,V/V,2,2,8,10
230,65.125,58.0,2.0,0.4369999999999976,62.0,66.0,V/V,2,2,8,10
231,65.562,58.0,2.0,0.4380000000000024,62.0,66.0,V/V,2,2,8,10
232,66.0,63.0,7.0,0.625,62.0,66.0,V/V,2,2,8,10
233,66.625,63.0,7.0,0.125,66.0,73.0,V,7,5,8,3
234,66.75,67.0,11.0,0.125,66.0,73.0,V,7,5,8,3
235,66.875,63.0,7.0,0.125,66.0,73.0,V,7,5,8,3
236,67.0,66.0,10.0,0.125,66.0,73.0,V,7,5,8,3
237,67.125,63.0,7.0,0.125,66.0,73.0,V,7,5,8,3
238,67.25,61.0,5.0,0.375,66.0,73.0,V,7,5,8,3
239,67.625,63.0,7.0,0.125,66.0,73.0,V,7,5,8,3
240,67.75,66.0,10.0,0.125,66.0,73.0,V,7,5,8,3
241,67.875,63.0,7.0,0.125,66.0,73.0,V,7,5,8,3
242,68.0,66.0,10.0,0.125,66.0,73.0,V,7,5,8,3
243,68.125,63.0,7.0,0.125,66.0,73.0,V,7,5,8,3
244,68.25,66.0,10.0,0.125,66.0,73.0,V,7,5,8,3
245,68.375,63.0,7.0,0.125,66.0,73.0,V,7,5,8,3
246,68.5,66.0,10.0,0.125,66.0,73.0,V,7,5,8,3
247,68.625,63.0,7.0,0.25,66.0,73.0,V,7,5,8,3
248,68.875,61.0,5.0,0.125,66.0,73.0,V,7,5,8,3
249,69.0,63.0,7.0,0.125,66.0,73.0,V,7,5,8,3
250,69.125,63.0,7.0,0.125,66.0,73.0,V,7,5,8,3
251,69.25,61.0,5.0,0.125,66.0,73.0,V,7,5,8,3
252,69.375,63.0,7.0,0.5,66.0,73.0,V,7,5,8,3
253,69.875,61.0,5.0,0.125,66.0,73.0,V,7,5,8,3
254,70.0,63.0,7.0,0.125,66.0,73.0,V,7,5,8,3
255,70.125,63.0,7.0,0.125,66.0,73.0,V,7,5,8,3
256,70.25,61.0,5.0,0.125,66.0,73.0,V,7,5,8,3
257,70.375,63.0,7.0,0.5,66.0,73.0,V,7,5,8,3
258,70.875,61.0,5.0,0.125,66.0,73.0,V,7,5,8,3
259,71.0,63.0,7.0,0.125,66.0,73.0,V,7,5,8,3
260,71.125,63.0,7.0,0.125,66.0,73.0,V,7,5,8,3
261,71.25,61.0,5.0,0.125,66.0,73.0,V,7,5,8,3
