,time,note,scale degree,length,start,end,numeral,chromatic root,diatonic root,key,absolute root
0,8.0,50.0,10.0,0.125,0.0,16.0,I,0,1,4,4
1,8.125,52.0,0.0,0.125,0.0,16.0,I,0,1,4,4
2,8.25,52.0,0.0,0.125,0.0,16.0,I,0,1,4,4
3,8.375,52.0,0.0,0.125,0.0,16.0,I,0,1,4,4
4,8.5,55.0,3.0,0.25,0.0,16.0,I,0,1,4,4
5,8.75,52.0,0.0,1.25,0.0,16.0,I,0,1,4,4
6,10.0,61.0,9.0,0.125,0.0,16.0,I,0,1,4,4
7,10.125,62.0,10.0,0.125,0.0,16.0,I,0,1,4,4
8,10.25,62.0,10.0,0.125,0.0,16.0,I,0,1,4,4
9,10.375,62.0,10.0,0.125,0.0,16.0,I,0,1,4,4
10,10.5,64.0,0.0,0.25,0.0,16.0,I,0,1,4,4
11,10.75,64.0,0.0,1.25,0.0,16.0,I,0,1,4,4
12,12.0,50.0,10.0,0.125,0.0,16.0,I,0,1,4,4
13,12.125,52.0,0.0,0.125,0.0,16.0,I,0,1,4,4
14,12.25,55.0,3.0,0.125,0.0,16.0,I,0,1,4,4
15,12.375,52.0,0.0,0.125,0.0,16.0,I,0,1,4,4
16,12.5,57.0,5.0,0.25,0.0,16.0,I,0,1,4,4
17,12.75,55.0,3.0,1.0,0.0,16.0,I,0,1,4,4
18,13.75,59.0,7.0,0.125,0.0,16.0,I,0,1,4,4
19,13.875,62.0,10.0,0.125,0.0,16.0,I,0,1,4,4
20,14.0,64.0,0.0,0.125,0.0,16.0,I,0,1,4,4
21,14.125,64.0,0.0,0.125,0.0,16.0,I,0,1,4,4
22,14.25,64.0,0.0,0.1880000000000006,0.0,16.0,I,0,1,4,4
23,14.438,64.0,0.0,0.1869999999999994,0.0,16.0,I,0,1,4,4
24,14.625,59.0,7.0,0.0630000000000006,0.0,16.0,I,0,1,4,4
25,14.688,57.0,5.0,0.0619999999999993,0.0,16.0,I,0,1,4,4
26,14.75,55.0,3.0,1.5,0.0,16.0,I,0,1,4,4
27,16.25,67.0,3.0,0.25,16.0,16.5,bIII,3,3,4,7
28,16.5,66.0,2.0,0.125,16.0,16.5,bIII,3,3,4,7
29,16.625,64.0,0.0,0.125,16.5,17.0,IV,5,4,4,9
30,16.75,64.0,0.0,0.125,16.5,17.0,IV,5,4,4,9
31,16.875,64.0,0.0,0.125,16.5,17.0,IV,5,4,4,9
32,17.0,64.0,0.0,0.25,16.5,17.0,IV,5,4,4,9
33,17.25,62.0,10.0,0.125,17.0,18.0,I,0,1,4,4
34,17.375,62.0,10.0,0.25,17.0,18.0,I,0,1,4,4
35,17.625,64.0,0.0,0.625,17.0,18.0,I,0,1,4,4
36,18.25,62.0,10.0,0.125,18.0,18.5,bIII,3,3,4,7
37,18.375,62.0,10.0,0.125,18.0,18.5,bIII,3,3,4,7
38,18.5,61.0,9.0,0.25,18.0,18.5,bIII,3,3,4,7
39,18.75,61.0,9.0,0.125,18.5,19.0,IV,5,4,4,9
40,18.875,59.0,7.0,0.125,18.5,19.0,IV,5,4,4,9
41,19.0,61.0,9.0,0.125,18.5,19.0,IV,5,4,4,9
42,19.125,59.0,7.0,0.25,19.0,20.0,I,0,1,4,4
43,19.375,59.0,7.0,0.875,19.0,20.0,I,0,1,4,4
44,20.25,62.0,10.0,0.25,20.0,20.5,bIII,3,3,4,7
45,20.5,61.0,9.0,0.125,20.0,20.5,bIII,3,3,4,7
46,20.625,59.0,7.0,0.125,20.5,21.0,IV,5,4,4,9
47,20.75,57.0,5.0,0.125,20.5,21.0,IV,5,4,4,9
48,20.875,59.0,7.0,0.375,20.5,21.0,IV,5,4,4,9
49,21.25,57.0,5.0,0.125,21.0,22.0,I,0,1,4,4
50,21.375,55.0,3.0,0.375,21.0,22.0,I,0,1,4,4
51,21.75,59.0,7.0,0.5,21.0,22.0,I,0,1,4,4
52,22.25,62.0,10.0,0.25,22.0,22.5,bIII,3,3,4,7
53,22.5,61.0,9.0,0.125,22.0,22.5,bIII,3,3,4,7
54,22.625,59.0,7.0,0.125,22.5,23.0,IV,5,4,4,9
55,22.75,57.0,5.0,0.125,22.5,23.0,IV,5,4,4,9
56,22.875,58.0,6.0,0.375,22.5,23.0,IV,5,4,4,9
57,23.25,59.0,7.0,0.75,23.0,32.0,I,0,1,4,4
58,24.0,52.0,0.0,0.125,23.0,32.0,I,0,1,4,4
59,24.125,52.0,0.0,0.125,23.0,32.0,I,0,1,4,4
60,24.25,52.0,0.0,0.125,23.0,32.0,I,0,1,4,4
61,24.375,52.0,0.0,0.125,23.0,32.0,I,0,1,4,4
62,24.5,55.0,3.0,0.25,23.0,32.0,I,0,1,4,4
63,24.75,52.0,0.0,1.25,23.0,32.0,I,0,1,4,4
64,26.0,61.0,9.0,0.125,23.0,32.0,I,0,1,4,4
65,26.125,62.0,10.0,0.125,23.0,32.0,I,0,1,4,4
66,26.25,62.0,10.0,0.125,23.0,32.0,I,0,1,4,4
67,26.375,62.0,10.0,0.125,23.0,32.0,I,0,1,4,4
68,26.5,64.0,0.0,0.25,23.0,32.0,I,0,1,4,4
69,26.75,64.0,0.0,1.25,23.0,32.0,I,0,1,4,4
70,28.0,50.0,10.0,0.125,23.0,32.0,I,0,1,4,4
71,28.125,52.0,0.0,0.125,23.0,32.0,I,0,1,4,4
72,28.25,55.0,3.0,0.125,23.0,32.0,I,0,1,4,4
73,28.375,52.0,0.0,0.125,23.0,32.0,I,0,1,4,4
74,28.5,57.0,5.0,0.25,23.0,32.0,I,0,1,4,4
75,28.75,55.0,3.0,1.0,23.0,32.0,I,0,1,4,4
76,29.75,59.0,7.0,0.125,23.0,32.0,I,0,1,4,4
77,29.875,61.0,9.0,0.125,23.0,32.0,I,0,1,4,4
78,30.0,64.0,0.0,0.125,23.0,32.0,I,0,1,4,4
79,30.125,64.0,0.0,0.125,23.0,32.0,I,0,1,4,4
80,30.25,64.0,0.0,0.125,23.0,32.0,I,0,1,4,4
81,30.375,64.0,0.0,0.125,23.0,32.0,I,0,1,4,4
82,30.5,55.0,3.0,0.25,23.0,32.0,I,0,1,4,4
83,30.75,52.0,0.0,1.5,23.0,32.0,I,0,1,4,4
84,32.25,67.0,3.0,0.25,32.0,32.5,bIII,3,3,4,7
85,32.5,66.0,2.0,0.125,32.0,32.5,bIII,3,3,4,7
86,32.625,64.0,0.0,0.125,32.5,33.0,IV,5,4,4,9
87,32.75,64.0,0.0,0.125,32.5,33.0,IV,5,4,4,9
88,32.875,64.0,0.0,0.125,32.5,33.0,IV,5,4,4,9
89,33.0,64.0,0.0,0.25,32.5,33.0,IV,5,4,4,9
90,33.25,62.0,10.0,0.125,33.0,34.0,I,0,1,4,4
91,33.375,62.0,10.0,0.25,33.0,34.0,I,0,1,4,4
92,33.625,64.0,0.0,0.625,33.0,34.0,I,0,1,4,4
93,34.25,61.0,9.0,0.125,34.0,34.5,bIII,3,3,4,7
94,34.375,62.0,10.0,0.125,34.0,34.5,bIII,3,3,4,7
95,34.5,61.0,9.0,0.25,34.0,34.5,bIII,3,3,4,7
96,34.75,61.0,9.0,0.125,34.5,35.0,IV,5,4,4,9
97,34.875,59.0,7.0,0.125,34.5,35.0,IV,5,4,4,9
98,35.0,61.0,9.0,0.125,34.5,35.0,IV,5,4,4,9
99,35.125,59.0,7.0,0.25,35.0,36.0,I,0,1,4,4
100,35.375,59.0,7.0,0.875,35.0,36.0,I,0,1,4,4
101,36.25,62.0,10.0,0.25,36.0,36.5,bIII,3,3,4,7
102,36.5,61.0,9.0,0.125,36.0,36.5,bIII,3,3,4,7
103,36.625,59.0,7.0,0.125,36.5,37.0,IV,5,4,4,9
104,36.75,57.0,5.0,0.125,36.5,37.0,IV,5,4,4,9
105,36.875,59.0,7.0,0.375,36.5,37.0,IV,5,4,4,9
106,37.25,52.0,0.0,0.125,37.0,38.0,I,0,1,4,4
107,37.375,56.0,4.0,0.25,37.0,38.0,I,0,1,4,4
108,37.625,59.0,7.0,0.625,37.0,38.0,I,0,1,4,4
109,38.25,62.0,10.0,0.25,38.0,38.5,bIII,3,3,4,7
110,38.5,61.0,9.0,0.125,38.0,38.5,bIII,3,3,4,7
111,38.625,59.0,7.0,0.125,38.5,39.0,IV,5,4,4,9
112,38.75,57.0,5.0,0.125,38.5,39.0,IV,5,4,4,9
113,38.875,59.0,7.0,0.25,38.5,39.0,IV,5,4,4,9
114,39.125,58.0,6.0,0.125,39.0,42.0,I,0,1,4,4
115,39.25,59.0,7.0,0.5,39.0,42.0,I,0,1,4,4
116,39.75,59.0,7.0,0.125,39.0,42.0,I,0,1,4,4
117,39.875,62.0,10.0,0.125,39.0,42.0,I,0,1,4,4
118,40.0,64.0,0.0,0.5,39.0,42.0,I,0,1,4,4
119,40.5,64.0,0.0,0.25,39.0,42.0,I,0,1,4,4
120,40.75,64.0,0.0,0.125,39.0,42.0,I,0,1,4,4
121,40.875,64.0,0.0,0.1869999999999976,39.0,42.0,I,0,1,4,4
122,41.062,62.0,10.0,0.0630000000000023,39.0,42.0,I,0,1,4,4
123,41.125,59.0,7.0,0.625,39.0,42.0,I,0,1,4,4
124,41.75,59.0,7.0,0.125,39.0,42.0,I,0,1,4,4
125,41.875,62.0,10.0,0.125,39.0,42.0,I,0,1,4,4
126,42.0,64.0,0.0,0.5,39.0,42.0,I,0,1,4,4
127,42.5,64.0,0.0,0.125,42.0,44.0,bIII,3,3,4,7
128,42.625,64.0,0.0,0.125,42.0,44.0,bIII,3,3,4,7
129,42.75,64.0,0.0,0.125,42.0,44.0,bIII,3,3,4,7
130,42.875,64.0,0.0,0.875,42.0,44.0,bIII,3,3,4,7
131,43.75,59.0,7.0,0.125,42.0,44.0,bIII,3,3,4,7
132,43.875,62.0,10.0,0.125,42.0,44.0,bIII,3,3,4,7
133,44.0,64.0,0.0,0.25,42.0,44.0,bIII,3,3,4,7
134,44.25,61.0,9.0,0.125,44.0,45.0,IV,5,4,4,9
135,44.375,64.0,0.0,0.25,44.0,45.0,IV,5,4,4,9
136,44.625,61.0,9.0,0.5,44.0,45.0,IV,5,4,4,9
137,45.125,59.0,7.0,0.125,45.0,46.0,bIII,3,3,4,7
138,45.25,67.0,3.0,0.125,45.0,46.0,bIII,3,3,4,7
139,45.375,66.0,2.0,0.375,45.0,46.0,bIII,3,3,4,7
140,45.75,64.0,0.0,0.125,45.0,46.0,bIII,3,3,4,7
141,45.875,64.0,0.0,0.125,45.0,46.0,bIII,3,3,4,7
142,46.0,66.0,2.0,0.125,45.0,46.0,bIII,3,3,4,7
143,46.125,61.0,9.0,0.375,46.0,49.0,I,0,1,4,4
144,46.5,62.0,10.0,1.5,46.0,49.0,I,0,1,4,4
145,48.0,64.0,0.0,0.5,46.0,49.0,I,0,1,4,4
146,48.5,64.0,0.0,0.125,46.0,49.0,I,0,1,4,4
147,48.625,64.0,0.0,0.375,46.0,49.0,I,0,1,4,4
148,49.0,62.0,10.0,0.375,46.0,49.0,I,0,1,4,4
149,49.375,64.0,0.0,0.0630000000000023,49.0,50.0,bVII,10,7,4,2
150,49.438,62.0,10.0,0.0619999999999976,49.0,50.0,bVII,10,7,4,2
151,49.5,61.0,9.0,0.25,49.0,50.0,bVII,10,7,4,2
152,49.75,62.0,10.0,2.25,49.0,50.0,bVII,10,7,4,2
153,52.0,64.0,0.0,0.5,51.0,52.0,bVII,10,7,4,2
154,52.5,64.0,0.0,0.125,52.0,53.0,I,0,1,4,4
155,52.625,64.0,0.0,0.375,52.0,53.0,I,0,1,4,4
156,53.0,62.0,10.0,0.375,52.0,53.0,I,0,1,4,4
157,53.375,64.0,0.0,0.0630000000000023,53.0,54.0,bVII,10,7,4,2
158,53.438,62.0,10.0,0.0619999999999976,53.0,54.0,bVII,10,7,4,2
159,53.5,61.0,9.0,0.25,53.0,54.0,bVII,10,7,4,2
160,53.75,62.0,10.0,24.25,53.0,54.0,bVII,10,7,4,2
161,78.0,50.0,10.0,0.125,56.0,86.0,I,0,1,4,4
162,78.125,52.0,0.0,0.125,56.0,86.0,I,0,1,4,4
163,78.25,52.0,0.0,0.125,56.0,86.0,I,0,1,4,4
164,78.375,52.0,0.0,0.125,56.0,86.0,I,0,1,4,4
165,78.5,55.0,3.0,0.25,56.0,86.0,I,0,1,4,4
166,78.75,52.0,0.0,1.25,56.0,86.0,I,0,1,4,4
167,80.0,62.0,10.0,0.125,56.0,86.0,I,0,1,4,4
168,80.125,62.0,10.0,0.125,56.0,86.0,I,0,1,4,4
169,80.25,62.0,10.0,0.125,56.0,86.0,I,0,1,4,4
170,80.375,62.0,10.0,0.125,56.0,86.0,I,0,1,4,4
171,80.5,64.0,0.0,0.25,56.0,86.0,I,0,1,4,4
172,80.75,64.0,0.0,1.25,56.0,86.0,I,0,1,4,4
173,82.0,52.0,0.0,0.125,56.0,86.0,I,0,1,4,4
174,82.125,52.0,0.0,0.125,56.0,86.0,I,0,1,4,4
175,82.25,55.0,3.0,0.125,56.0,86.0,I,0,1,4,4
176,82.375,52.0,0.0,0.125,56.0,86.0,I,0,1,4,4
177,82.5,57.0,5.0,0.25,56.0,86.0,I,0,1,4,4
178,82.75,55.0,3.0,1.0,56.0,86.0,I,0,1,4,4
179,83.75,59.0,7.0,0.125,56.0,86.0,I,0,1,4,4
180,83.875,62.0,10.0,0.125,56.0,86.0,I,0,1,4,4
181,84.0,64.0,0.0,0.125,56.0,86.0,I,0,1,4,4
182,84.125,64.0,0.0,0.125,56.0,86.0,I,0,1,4,4
183,84.25,64.0,0.0,0.1880000000000024,56.0,86.0,I,0,1,4,4
184,84.438,64.0,0.0,0.1869999999999976,56.0,86.0,I,0,1,4,4
185,84.625,59.0,7.0,0.0630000000000023,56.0,86.0,I,0,1,4,4
186,84.688,57.0,5.0,0.0619999999999976,56.0,86.0,I,0,1,4,4
187,84.75,55.0,3.0,1.5,56.0,86.0,I,0,1,4,4
188,86.25,67.0,3.0,0.25,86.0,86.5,bIII,3,3,4,7
189,86.5,66.0,2.0,0.125,86.0,86.5,bIII,3,3,4,7
190,86.625,64.0,0.0,0.125,86.5,87.0,IV,5,4,4,9
191,86.75,64.0,0.0,0.125,86.5,87.0,IV,5,4,4,9
192,86.875,64.0,0.0,0.125,86.5,87.0,IV,5,4,4,9
193,87.0,64.0,0.0,0.25,86.5,87.0,IV,5,4,4,9
194,87.25,62.0,10.0,0.125,87.0,88.0,I,0,1,4,4
195,87.375,62.0,10.0,0.25,87.0,88.0,I,0,1,4,4
196,87.625,64.0,0.0,0.625,87.0,88.0,I,0,1,4,4
197,88.25,62.0,10.0,0.125,88.0,88.5,bIII,3,3,4,7
198,88.375,62.0,10.0,0.125,88.0,88.5,bIII,3,3,4,7
199,88.5,61.0,9.0,0.25,88.0,88.5,bIII,3,3,4,7
200,88.75,61.0,9.0,0.125,88.5,89.0,IV,5,4,4,9
201,88.875,59.0,7.0,0.125,88.5,89.0,IV,5,4,4,9
202,89.0,61.0,9.0,0.125,88.5,89.0,IV,5,4,4,9
203,89.125,59.0,7.0,0.25,89.0,90.0,I,0,1,4,4
204,89.375,59.0,7.0,0.875,89.0,90.0,I,0,1,4,4
205,90.25,62.0,10.0,0.25,90.0,90.5,bIII,3,3,4,7
206,90.5,61.0,9.0,0.125,90.0,90.5,bIII,3,3,4,7
207,90.625,59.0,7.0,0.125,90.5,91.0,IV,5,4,4,9
208,90.75,57.0,5.0,0.125,90.5,91.0,IV,5,4,4,9
209,90.875,59.0,7.0,0.375,90.5,91.0,IV,5,4,4,9
210,91.25,52.0,0.0,0.125,91.0,92.0,I,0,1,4,4
211,91.375,55.0,3.0,0.375,91.0,92.0,I,0,1,4,4
212,91.75,59.0,7.0,0.5,91.0,92.0,I,0,1,4,4
213,92.25,62.0,10.0,0.25,92.0,92.5,bIII,3,3,4,7
214,92.5,61.0,9.0,0.125,92.0,92.5,bIII,3,3,4,7
215,92.625,59.0,7.0,0.125,92.5,93.0,IV,5,4,4,9
216,92.75,57.0,5.0,0.125,92.5,93.0,IV,5,4,4,9
217,92.875,59.0,7.0,0.25,92.5,93.0,IV,5,4,4,9
218,93.125,58.0,6.0,0.125,93.0,96.0,I,0,1,4,4
219,93.25,59.0,7.0,0.5,93.0,96.0,I,0,1,4,4
220,93.75,59.0,7.0,0.125,93.0,96.0,I,0,1,4,4
221,93.875,61.0,9.0,0.125,93.0,96.0,I,0,1,4,4
222,94.0,64.0,0.0,0.5,93.0,96.0,I,0,1,4,4
223,94.5,64.0,0.0,0.25,93.0,96.0,I,0,1,4,4
224,94.75,62.0,10.0,0.125,93.0,96.0,I,0,1,4,4
225,94.875,64.0,0.0,0.1869999999999976,93.0,96.0,I,0,1,4,4
226,95.062,62.0,10.0,0.0630000000000023,93.0,96.0,I,0,1,4,4
227,95.125,59.0,7.0,0.625,93.0,96.0,I,0,1,4,4
228,95.75,59.0,7.0,0.125,93.0,96.0,I,0,1,4,4
229,95.875,62.0,10.0,0.125,93.0,96.0,I,0,1,4,4
230,96.0,64.0,0.0,0.5,93.0,96.0,I,0,1,4,4
231,96.5,64.0,0.0,0.125,96.0,98.0,bIII,3,3,4,7
232,96.625,64.0,0.0,0.125,96.0,98.0,bIII,3,3,4,7
233,96.75,64.0,0.0,0.125,96.0,98.0,bIII,3,3,4,7
234,96.875,64.0,0.0,0.875,96.0,98.0,bIII,3,3,4,7
235,97.75,59.0,7.0,0.125,96.0,98.0,bIII,3,3,4,7
236,97.875,62.0,10.0,0.125,96.0,98.0,bIII,3,3,4,7
237,98.0,64.0,0.0,0.25,96.0,98.0,bIII,3,3,4,7
238,98.25,61.0,9.0,0.125,98.0,99.0,IV,5,4,4,9
239,98.375,64.0,0.0,0.25,98.0,99.0,IV,5,4,4,9
240,98.625,61.0,9.0,0.5,98.0,99.0,IV,5,4,4,9
241,99.125,59.0,7.0,0.125,99.0,100.0,bIII,3,3,4,7
242,99.25,67.0,3.0,0.125,99.0,100.0,bIII,3,3,4,7
243,99.375,66.0,2.0,0.375,99.0,100.0,bIII,3,3,4,7
244,99.75,62.0,10.0,0.125,99.0,100.0,bIII,3,3,4,7
245,99.875,64.0,0.0,0.125,99.0,100.0,bIII,3,3,4,7
246,100.0,66.0,2.0,0.125,99.0,100.0,bIII,3,3,4,7
247,100.125,61.0,9.0,1.875,100.0,103.0,I,0,1,4,4
248,102.0,64.0,0.0,0.5,100.0,103.0,I,0,1,4,4
249,102.5,64.0,0.0,0.125,100.0,103.0,I,0,1,4,4
250,102.625,64.0,0.0,0.375,100.0,103.0,I,0,1,4,4
251,103.0,62.0,10.0,0.375,100.0,103.0,I,0,1,4,4
252,103.375,64.0,0.0,0.0630000000000023,103.0,104.0,bVII,10,7,4,2
253,103.438,62.0,10.0,0.0619999999999976,103.0,104.0,bVII,10,7,4,2
254,103.5,61.0,9.0,0.25,103.0,104.0,bVII,10,7,4,2
255,103.75,62.0,10.0,2.25,103.0,104.0,bVII,10,7,4,2
256,106.0,64.0,0.0,0.5,105.0,106.0,bVII,10,7,4,2
257,106.5,64.0,0.0,0.125,106.0,107.0,I,0,1,4,4
258,106.625,64.0,0.0,0.375,106.0,107.0,I,0,1,4,4
259,107.0,62.0,10.0,0.375,106.0,107.0,I,0,1,4,4
260,107.375,64.0,0.0,0.0630000000000023,107.0,108.0,bVII,10,7,4,2
261,107.438,62.0,10.0,0.0619999999999976,107.0,108.0,bVII,10,7,4,2
262,107.5,61.0,9.0,0.25,107.0,108.0,bVII,10,7,4,2
