,time,note,scale degree,length,start,end,numeral,chromatic root,diatonic root,key,absolute root
0,36.125,64.0,0.0,0.375,36.0,40.0,I,0,1,4,4
1,36.5,64.0,0.0,0.125,36.0,40.0,I,0,1,4,4
2,36.625,64.0,0.0,0.125,36.0,40.0,I,0,1,4,4
3,36.75,64.0,0.0,0.125,36.0,40.0,I,0,1,4,4
4,36.875,64.0,0.0,0.125,36.0,40.0,I,0,1,4,4
5,37.0,67.0,3.0,0.125,36.0,40.0,I,0,1,4,4
6,37.125,64.0,0.0,0.125,36.0,40.0,I,0,1,4,4
7,37.25,62.0,10.0,0.125,36.0,40.0,I,0,1,4,4
8,37.375,64.0,0.0,0.875,36.0,40.0,I,0,1,4,4
9,38.25,64.0,0.0,0.125,36.0,40.0,I,0,1,4,4
10,38.375,64.0,0.0,0.125,36.0,40.0,I,0,1,4,4
11,38.5,67.0,3.0,0.125,36.0,40.0,I,0,1,4,4
12,38.625,64.0,0.0,0.125,36.0,40.0,I,0,1,4,4
13,38.75,64.0,0.0,0.125,36.0,40.0,I,0,1,4,4
14,38.875,64.0,0.0,0.125,36.0,40.0,I,0,1,4,4
15,39.0,67.0,3.0,0.125,36.0,40.0,I,0,1,4,4
16,39.125,64.0,0.0,0.25,36.0,40.0,I,0,1,4,4
17,39.375,64.0,0.0,0.25,36.0,40.0,I,0,1,4,4
18,39.625,62.0,10.0,0.25,36.0,40.0,I,0,1,4,4
19,39.875,59.0,7.0,0.125,36.0,40.0,I,0,1,4,4
20,40.0,57.0,5.0,0.125,36.0,40.0,I,0,1,4,4
21,40.125,55.0,3.0,0.125,40.0,42.0,IV,5,4,4,9
22,40.25,57.0,5.0,1.375,40.0,42.0,IV,5,4,4,9
23,41.625,64.0,0.0,0.125,40.0,42.0,IV,5,4,4,9
24,41.75,59.0,7.0,0.25,40.0,42.0,IV,5,4,4,9
25,42.0,64.0,0.0,1.625,40.0,42.0,IV,5,4,4,9
26,43.625,64.0,0.0,0.25,42.0,44.0,I,0,1,4,4
27,43.875,59.0,7.0,0.125,42.0,44.0,I,0,1,4,4
28,44.0,62.0,10.0,4.25,42.0,44.0,I,0,1,4,4
29,48.25,64.0,0.0,0.125,48.0,52.0,I,0,1,4,4
30,48.375,62.0,10.0,0.125,48.0,52.0,I,0,1,4,4
31,48.5,64.0,0.0,0.25,48.0,52.0,I,0,1,4,4
32,48.75,64.0,0.0,0.125,48.0,52.0,I,0,1,4,4
33,48.875,62.0,10.0,0.125,48.0,52.0,I,0,1,4,4
34,49.0,64.0,0.0,0.125,48.0,52.0,I,0,1,4,4
35,49.125,62.0,10.0,0.125,48.0,52.0,I,0,1,4,4
36,49.25,64.0,0.0,1.0,48.0,52.0,I,0,1,4,4
37,50.25,64.0,0.0,0.125,48.0,52.0,I,0,1,4,4
38,50.375,67.0,3.0,0.25,48.0,52.0,I,0,1,4,4
39,50.625,67.0,3.0,0.125,48.0,52.0,I,0,1,4,4
40,50.75,64.0,0.0,0.25,48.0,52.0,I,0,1,4,4
41,51.0,68.0,4.0,0.125,48.0,52.0,I,0,1,4,4
42,51.125,64.0,0.0,0.25,48.0,52.0,I,0,1,4,4
43,51.375,64.0,0.0,0.25,48.0,52.0,I,0,1,4,4
44,51.625,62.0,10.0,0.25,48.0,52.0,I,0,1,4,4
45,51.875,58.0,6.0,0.25,48.0,52.0,I,0,1,4,4
46,52.125,57.0,5.0,0.25,52.0,54.0,IV,5,4,4,9
47,52.375,55.0,3.0,0.25,52.0,54.0,IV,5,4,4,9
48,52.625,52.0,0.0,1.0,52.0,54.0,IV,5,4,4,9
49,53.625,64.0,0.0,0.125,52.0,54.0,IV,5,4,4,9
50,53.75,59.0,7.0,0.25,52.0,54.0,IV,5,4,4,9
51,54.0,64.0,0.0,1.625,52.0,54.0,IV,5,4,4,9
52,55.625,64.0,0.0,0.25,54.0,56.0,I,0,1,4,4
53,55.875,59.0,7.0,0.125,54.0,56.0,I,0,1,4,4
54,56.0,62.0,10.0,4.25,54.0,56.0,I,0,1,4,4
55,60.25,64.0,0.0,0.125,60.0,64.0,I,0,1,4,4
56,60.375,62.0,10.0,0.125,60.0,64.0,I,0,1,4,4
57,60.5,64.0,0.0,0.125,60.0,64.0,I,0,1,4,4
58,60.625,64.0,0.0,0.625,60.0,64.0,I,0,1,4,4
59,61.25,64.0,0.0,0.125,60.0,64.0,I,0,1,4,4
60,61.375,62.0,10.0,0.125,60.0,64.0,I,0,1,4,4
61,61.5,64.0,0.0,0.625,60.0,64.0,I,0,1,4,4
62,62.125,62.0,10.0,0.125,60.0,64.0,I,0,1,4,4
63,62.25,64.0,0.0,0.125,60.0,64.0,I,0,1,4,4
64,62.375,64.0,0.0,0.125,60.0,64.0,I,0,1,4,4
65,62.5,67.0,3.0,0.125,60.0,64.0,I,0,1,4,4
66,62.625,64.0,0.0,0.125,60.0,64.0,I,0,1,4,4
67,62.75,64.0,0.0,0.125,60.0,64.0,I,0,1,4,4
68,62.875,64.0,0.0,0.125,60.0,64.0,I,0,1,4,4
69,63.0,67.0,3.0,0.125,60.0,64.0,I,0,1,4,4
70,63.125,64.0,0.0,0.25,60.0,64.0,I,0,1,4,4
71,63.375,64.0,0.0,0.25,60.0,64.0,I,0,1,4,4
72,63.625,62.0,10.0,0.25,60.0,64.0,I,0,1,4,4
73,63.875,57.0,5.0,0.5,60.0,64.0,I,0,1,4,4
74,64.375,55.0,3.0,0.25,64.0,66.0,IV,5,4,4,9
75,64.625,52.0,0.0,0.75,64.0,66.0,IV,5,4,4,9
76,65.375,59.0,7.0,0.125,64.0,66.0,IV,5,4,4,9
77,65.5,64.0,0.0,0.125,64.0,66.0,IV,5,4,4,9
78,65.625,64.0,0.0,0.125,64.0,66.0,IV,5,4,4,9
79,65.75,59.0,7.0,0.125,64.0,66.0,IV,5,4,4,9
80,65.875,64.0,0.0,1.625,64.0,66.0,IV,5,4,4,9
81,67.5,64.0,0.0,0.125,66.0,68.0,I,0,1,4,4
82,67.625,64.0,0.0,0.125,66.0,68.0,I,0,1,4,4
83,67.75,59.0,7.0,0.125,66.0,68.0,I,0,1,4,4
84,67.875,62.0,10.0,16.375,66.0,68.0,I,0,1,4,4
85,84.25,64.0,0.0,0.125,84.0,88.0,I,0,1,4,4
86,84.375,64.0,0.0,0.125,84.0,88.0,I,0,1,4,4
87,84.5,67.0,3.0,0.125,84.0,88.0,I,0,1,4,4
88,84.625,64.0,0.0,0.125,84.0,88.0,I,0,1,4,4
89,84.75,64.0,0.0,0.25,84.0,88.0,I,0,1,4,4
90,85.0,67.0,3.0,0.125,84.0,88.0,I,0,1,4,4
91,85.125,62.0,10.0,0.125,84.0,88.0,I,0,1,4,4
92,85.25,64.0,0.0,1.0,84.0,88.0,I,0,1,4,4
93,86.25,64.0,0.0,0.125,84.0,88.0,I,0,1,4,4
94,86.375,67.0,3.0,0.25,84.0,88.0,I,0,1,4,4
95,86.625,69.0,5.0,0.125,84.0,88.0,I,0,1,4,4
96,86.75,67.0,3.0,0.25,84.0,88.0,I,0,1,4,4
97,87.0,70.0,6.0,0.125,84.0,88.0,I,0,1,4,4
98,87.125,70.0,6.0,0.125,84.0,88.0,I,0,1,4,4
99,87.25,69.0,5.0,0.25,84.0,88.0,I,0,1,4,4
100,87.5,67.0,3.0,0.125,84.0,88.0,I,0,1,4,4
101,87.625,64.0,0.0,0.25,84.0,88.0,I,0,1,4,4
102,87.875,57.0,5.0,1.75,84.0,88.0,I,0,1,4,4
103,89.625,64.0,0.0,0.125,88.0,90.0,IV,5,4,4,9
104,89.75,59.0,7.0,0.25,88.0,90.0,IV,5,4,4,9
105,90.0,64.0,0.0,1.625,88.0,90.0,IV,5,4,4,9
106,91.625,64.0,0.0,0.25,90.0,92.0,I,0,1,4,4
107,91.875,59.0,7.0,0.125,90.0,92.0,I,0,1,4,4
108,92.0,62.0,10.0,4.25,90.0,92.0,I,0,1,4,4
109,96.25,64.0,0.0,0.125,96.0,100.0,I,0,1,4,4
110,96.375,62.0,10.0,0.125,96.0,100.0,I,0,1,4,4
111,96.5,64.0,0.0,0.25,96.0,100.0,I,0,1,4,4
112,96.75,64.0,0.0,0.125,96.0,100.0,I,0,1,4,4
113,96.875,64.0,0.0,0.125,96.0,100.0,I,0,1,4,4
114,97.0,67.0,3.0,0.125,96.0,100.0,I,0,1,4,4
115,97.125,64.0,0.0,0.25,96.0,100.0,I,0,1,4,4
116,97.375,64.0,0.0,0.875,96.0,100.0,I,0,1,4,4
117,98.25,64.0,0.0,0.125,96.0,100.0,I,0,1,4,4
118,98.375,64.0,0.0,0.125,96.0,100.0,I,0,1,4,4
119,98.5,67.0,3.0,0.125,96.0,100.0,I,0,1,4,4
120,98.625,64.0,0.0,0.125,96.0,100.0,I,0,1,4,4
121,98.75,67.0,3.0,0.25,96.0,100.0,I,0,1,4,4
122,99.0,64.0,0.0,0.125,96.0,100.0,I,0,1,4,4
123,99.125,67.0,3.0,0.25,96.0,100.0,I,0,1,4,4
124,99.375,64.0,0.0,0.25,96.0,100.0,I,0,1,4,4
125,99.625,64.0,0.0,0.5,96.0,100.0,I,0,1,4,4
126,100.125,57.0,5.0,0.375,100.0,102.0,IV,5,4,4,9
127,100.5,52.0,0.0,1.0,100.0,102.0,IV,5,4,4,9
128,101.5,64.0,0.0,0.125,100.0,102.0,IV,5,4,4,9
129,101.625,64.0,0.0,0.25,100.0,102.0,IV,5,4,4,9
130,101.875,64.0,0.0,1.75,100.0,102.0,IV,5,4,4,9
131,103.625,64.0,0.0,0.25,102.0,104.0,I,0,1,4,4
132,103.875,59.0,7.0,0.125,102.0,104.0,I,0,1,4,4
133,104.0,62.0,10.0,2.5,102.0,104.0,I,0,1,4,4
134,106.5,64.0,0.0,0.75,106.0,107.25,I,0,1,4,4
135,107.25,64.0,0.0,0.125,106.0,107.25,I,0,1,4,4
136,107.375,64.0,0.0,0.125,107.25,108.0,V,7,5,4,11
137,107.5,67.0,3.0,0.125,107.25,108.0,V,7,5,4,11
138,107.625,64.0,0.0,0.25,107.25,108.0,V,7,5,4,11
139,107.875,64.0,0.0,0.375,107.25,108.0,V,7,5,4,11
140,108.25,64.0,0.0,1.0,108.0,112.0,I,0,1,4,4
141,109.25,64.0,0.0,0.125,108.0,112.0,I,0,1,4,4
142,109.375,64.0,0.0,0.125,108.0,112.0,I,0,1,4,4
143,109.5,67.0,3.0,0.125,108.0,112.0,I,0,1,4,4
144,109.625,64.0,0.0,0.25,108.0,112.0,I,0,1,4,4
145,109.875,67.0,3.0,0.125,108.0,112.0,I,0,1,4,4
146,110.0,64.0,0.0,0.125,108.0,112.0,I,0,1,4,4
147,110.125,64.0,0.0,1.125,108.0,112.0,I,0,1,4,4
148,111.25,64.0,0.0,0.125,108.0,112.0,I,0,1,4,4
149,111.375,64.0,0.0,0.125,108.0,112.0,I,0,1,4,4
150,111.5,67.0,3.0,0.125,108.0,112.0,I,0,1,4,4
151,111.625,64.0,0.0,0.25,108.0,112.0,I,0,1,4,4
152,111.875,61.0,9.0,0.25,108.0,112.0,I,0,1,4,4
153,112.125,64.0,0.0,1.125,112.0,114.0,IV,5,4,4,9
154,113.25,64.0,0.0,0.125,112.0,114.0,IV,5,4,4,9
155,113.375,64.0,0.0,0.125,112.0,114.0,IV,5,4,4,9
156,113.5,67.0,3.0,0.125,112.0,114.0,IV,5,4,4,9
157,113.625,69.0,5.0,0.25,112.0,114.0,IV,5,4,4,9
158,113.875,67.0,3.0,0.125,112.0,114.0,IV,5,4,4,9
159,114.0,64.0,0.0,0.125,112.0,114.0,IV,5,4,4,9
160,114.125,64.0,0.0,1.125,114.0,116.0,I,0,1,4,4
161,115.25,64.0,0.0,0.125,114.0,116.0,I,0,1,4,4
162,115.375,64.0,0.0,0.125,114.0,116.0,I,0,1,4,4
163,115.5,67.0,3.0,0.125,114.0,116.0,I,0,1,4,4
164,115.625,64.0,0.0,0.25,114.0,116.0,I,0,1,4,4
165,115.875,62.0,10.0,1.375,114.0,116.0,I,0,1,4,4
166,117.25,64.0,0.0,0.125,117.0,118.0,IV,5,4,4,9
167,117.375,64.0,0.0,0.125,117.0,118.0,IV,5,4,4,9
168,117.5,67.0,3.0,0.125,117.0,118.0,IV,5,4,4,9
169,117.625,64.0,0.0,0.25,117.0,118.0,IV,5,4,4,9
170,117.875,64.0,0.0,0.25,117.0,118.0,IV,5,4,4,9
171,118.125,62.0,10.0,0.125,118.0,124.0,I,0,1,4,4
172,118.25,64.0,0.0,0.625,118.0,124.0,I,0,1,4,4
173,118.875,64.0,0.0,0.5,118.0,124.0,I,0,1,4,4
174,119.375,64.0,0.0,0.25,118.0,124.0,I,0,1,4,4
175,119.625,64.0,0.0,0.125,118.0,124.0,I,0,1,4,4
176,119.75,62.0,10.0,0.125,118.0,124.0,I,0,1,4,4
177,119.875,64.0,0.0,1.375,118.0,124.0,I,0,1,4,4
178,121.25,64.0,0.0,0.125,118.0,124.0,I,0,1,4,4
179,121.375,64.0,0.0,0.125,118.0,124.0,I,0,1,4,4
180,121.5,67.0,3.0,0.125,118.0,124.0,I,0,1,4,4
181,121.625,69.0,5.0,0.125,118.0,124.0,I,0,1,4,4
182,121.75,71.0,7.0,0.125,118.0,124.0,I,0,1,4,4
183,121.875,67.0,3.0,0.125,118.0,124.0,I,0,1,4,4
184,122.0,64.0,0.0,0.125,118.0,124.0,I,0,1,4,4
185,122.125,64.0,0.0,1.125,118.0,124.0,I,0,1,4,4
186,123.25,64.0,0.0,0.125,118.0,124.0,I,0,1,4,4
187,123.375,64.0,0.0,0.125,118.0,124.0,I,0,1,4,4
188,123.5,67.0,3.0,0.125,118.0,124.0,I,0,1,4,4
189,123.625,64.0,0.0,0.125,118.0,124.0,I,0,1,4,4
190,123.75,59.0,7.0,0.125,118.0,124.0,I,0,1,4,4
191,123.875,61.0,9.0,0.25,118.0,124.0,I,0,1,4,4
192,124.125,64.0,0.0,1.125,124.0,126.0,IV,5,4,4,9
193,125.25,64.0,0.0,0.125,124.0,126.0,IV,5,4,4,9
194,125.375,64.0,0.0,0.125,124.0,126.0,IV,5,4,4,9
195,125.5,67.0,3.0,0.125,124.0,126.0,IV,5,4,4,9
196,125.625,69.0,5.0,0.125,124.0,126.0,IV,5,4,4,9
197,125.75,71.0,7.0,0.125,124.0,126.0,IV,5,4,4,9
198,125.875,67.0,3.0,0.125,124.0,126.0,IV,5,4,4,9
199,126.0,64.0,0.0,0.125,124.0,126.0,IV,5,4,4,9
200,126.125,64.0,0.0,0.375,126.0,128.0,I,0,1,4,4
201,126.5,64.0,0.0,0.75,126.0,128.0,I,0,1,4,4
202,127.25,64.0,0.0,0.125,126.0,128.0,I,0,1,4,4
203,127.375,64.0,0.0,0.125,126.0,128.0,I,0,1,4,4
204,127.5,67.0,3.0,0.125,126.0,128.0,I,0,1,4,4
205,127.625,64.0,0.0,0.125,126.0,128.0,I,0,1,4,4
206,127.75,59.0,7.0,0.125,126.0,128.0,I,0,1,4,4
207,127.875,62.0,10.0,1.375,126.0,128.0,I,0,1,4,4
208,129.25,64.0,0.0,0.25,129.0,130.0,IV,5,4,4,9
209,129.5,67.0,3.0,0.125,129.0,130.0,IV,5,4,4,9
210,129.625,64.0,0.0,0.125,129.0,130.0,IV,5,4,4,9
211,129.75,62.0,10.0,0.125,129.0,130.0,IV,5,4,4,9
212,129.875,64.0,0.0,0.375,129.0,130.0,IV,5,4,4,9
