,time,note,scale degree,length,start,end,numeral,chromatic root,diatonic root,key,absolute root
0,7.875,55.0,0.0,0.125,4.0,10.0,I,0,1,7,7
1,8.0,59.0,4.0,0.125,4.0,10.0,I,0,1,7,7
2,8.125,55.0,0.0,0.375,4.0,10.0,I,0,1,7,7
3,8.5,55.0,0.0,0.125,4.0,10.0,I,0,1,7,7
4,8.625,55.0,0.0,0.25,4.0,10.0,I,0,1,7,7
5,8.875,58.0,3.0,0.125,4.0,10.0,I,0,1,7,7
6,9.0,59.0,4.0,0.125,4.0,10.0,I,0,1,7,7
7,9.125,58.0,3.0,0.25,4.0,10.0,I,0,1,7,7
8,9.375,55.0,0.0,0.25,4.0,10.0,I,0,1,7,7
9,9.625,55.0,0.0,0.125,4.0,10.0,I,0,1,7,7
10,9.75,53.0,10.0,0.125,4.0,10.0,I,0,1,7,7
11,9.875,53.0,10.0,0.125,4.0,10.0,I,0,1,7,7
12,10.0,55.0,0.0,1.875,4.0,10.0,I,0,1,7,7
13,11.875,55.0,0.0,0.125,10.0,12.0,IV,5,4,7,0
14,12.0,58.0,3.0,0.125,10.0,12.0,IV,5,4,7,0
15,12.125,57.0,2.0,0.125,12.0,13.0,I,0,1,7,7
16,12.25,55.0,0.0,0.125,12.0,13.0,I,0,1,7,7
17,12.375,58.0,3.0,0.125,12.0,13.0,I,0,1,7,7
18,12.5,57.0,2.0,0.125,12.0,13.0,I,0,1,7,7
19,12.625,55.0,0.0,0.25,12.0,13.0,I,0,1,7,7
20,12.875,58.0,3.0,0.25,12.0,13.0,I,0,1,7,7
21,13.125,57.0,2.0,0.125,13.0,14.0,V/V,2,2,7,9
22,13.25,55.0,0.0,0.25,13.0,14.0,V/V,2,2,7,9
23,13.5,55.0,0.0,0.125,13.0,14.0,V/V,2,2,7,9
24,13.625,55.0,0.0,0.25,13.0,14.0,V/V,2,2,7,9
25,13.875,57.0,2.0,2.0,13.0,14.0,V/V,2,2,7,9
26,15.875,55.0,0.0,0.125,14.0,16.0,V,7,5,7,2
27,16.0,59.0,4.0,0.125,14.0,16.0,V,7,5,7,2
28,16.125,55.0,0.0,0.375,16.0,18.0,I,0,1,7,7
29,16.5,55.0,0.0,0.25,16.0,18.0,I,0,1,7,7
30,16.75,55.0,0.0,0.125,16.0,18.0,I,0,1,7,7
31,16.875,58.0,3.0,0.25,16.0,18.0,I,0,1,7,7
32,17.125,57.0,2.0,0.25,16.0,18.0,I,0,1,7,7
33,17.375,55.0,0.0,0.25,16.0,18.0,I,0,1,7,7
34,17.625,55.0,0.0,0.25,16.0,18.0,I,0,1,7,7
35,17.875,53.0,10.0,0.25,16.0,18.0,I,0,1,7,7
36,18.125,55.0,0.0,1.5,18.0,20.0,IV,5,4,7,0
37,19.625,55.0,0.0,0.125,18.0,20.0,IV,5,4,7,0
38,19.75,55.0,0.0,0.125,18.0,20.0,IV,5,4,7,0
39,19.875,67.0,0.0,0.25,18.0,20.0,IV,5,4,7,0
40,20.125,62.0,7.0,0.25,20.0,21.0,I,0,1,7,7
41,20.375,58.0,3.0,0.25,20.0,21.0,I,0,1,7,7
42,20.625,55.0,0.0,0.375,20.0,21.0,I,0,1,7,7
43,21.0,62.0,7.0,0.25,20.0,21.0,I,0,1,7,7
44,21.25,55.0,0.0,0.125,21.0,22.0,V,7,5,7,2
45,21.375,55.0,0.0,0.25,21.0,22.0,V,7,5,7,2
46,21.625,59.0,4.0,0.125,21.0,22.0,V,7,5,7,2
47,21.75,57.0,2.0,0.125,21.0,22.0,V,7,5,7,2
48,21.875,55.0,0.0,1.75,21.0,22.0,V,7,5,7,2
49,23.625,62.0,7.0,0.125,22.0,25.0,I,0,1,7,7
50,23.75,62.0,7.0,0.125,22.0,25.0,I,0,1,7,7
51,23.875,67.0,0.0,0.75,22.0,25.0,I,0,1,7,7
52,24.625,65.0,10.0,0.125,22.0,25.0,I,0,1,7,7
53,24.75,62.0,7.0,0.125,22.0,25.0,I,0,1,7,7
54,24.875,60.0,5.0,0.125,22.0,25.0,I,0,1,7,7
55,25.0,62.0,7.0,0.625,22.0,25.0,I,0,1,7,7
56,25.625,64.0,9.0,0.125,25.0,26.0,V,7,5,7,2
57,25.75,58.0,3.0,0.25,25.0,26.0,V,7,5,7,2
58,26.0,59.0,4.0,0.0620000000000011,25.0,26.0,V,7,5,7,2
59,26.062,55.0,0.0,1.9379999999999988,26.0,29.0,I,0,1,7,7
60,28.0,67.0,0.0,0.125,26.0,29.0,I,0,1,7,7
61,28.125,67.0,0.0,0.375,26.0,29.0,I,0,1,7,7
62,28.5,62.0,7.0,0.125,26.0,29.0,I,0,1,7,7
63,28.625,62.0,7.0,0.375,26.0,29.0,I,0,1,7,7
64,29.0,62.0,7.0,0.125,26.0,29.0,I,0,1,7,7
65,29.125,62.0,7.0,0.25,29.0,30.0,V,7,5,7,2
66,29.375,59.0,4.0,0.125,29.0,30.0,V,7,5,7,2
67,29.5,62.0,7.0,0.125,29.0,30.0,V,7,5,7,2
68,29.625,64.0,9.0,0.125,29.0,30.0,V,7,5,7,2
69,29.75,58.0,3.0,0.125,29.0,30.0,V,7,5,7,2
70,29.875,57.0,2.0,0.125,29.0,30.0,V,7,5,7,2
71,30.0,55.0,0.0,1.875,29.0,30.0,V,7,5,7,2
72,31.875,55.0,0.0,0.125,30.0,34.0,I,0,1,7,7
73,32.0,59.0,4.0,0.125,30.0,34.0,I,0,1,7,7
74,32.125,55.0,0.0,0.375,30.0,34.0,I,0,1,7,7
75,32.5,55.0,0.0,0.125,30.0,34.0,I,0,1,7,7
76,32.625,55.0,0.0,0.25,30.0,34.0,I,0,1,7,7
77,32.875,58.0,3.0,0.25,30.0,34.0,I,0,1,7,7
78,33.125,57.0,2.0,0.25,30.0,34.0,I,0,1,7,7
79,33.375,55.0,0.0,0.25,30.0,34.0,I,0,1,7,7
80,33.625,55.0,0.0,0.25,30.0,34.0,I,0,1,7,7
81,33.875,53.0,10.0,0.125,30.0,34.0,I,0,1,7,7
82,34.0,55.0,0.0,1.875,30.0,34.0,I,0,1,7,7
83,35.875,55.0,0.0,0.125,34.0,36.0,IV,5,4,7,0
84,36.0,59.0,4.0,0.125,34.0,36.0,IV,5,4,7,0
85,36.125,62.0,7.0,0.375,36.0,37.0,I,0,1,7,7
86,36.5,58.0,3.0,0.125,36.0,37.0,I,0,1,7,7
87,36.625,57.0,2.0,0.125,36.0,37.0,I,0,1,7,7
88,36.75,55.0,0.0,0.125,36.0,37.0,I,0,1,7,7
89,36.875,58.0,3.0,0.25,36.0,37.0,I,0,1,7,7
90,37.125,57.0,2.0,0.375,37.0,38.0,V/V,2,2,7,9
91,37.5,55.0,0.0,0.125,37.0,38.0,V/V,2,2,7,9
92,37.625,55.0,0.0,0.25,37.0,38.0,V/V,2,2,7,9
93,37.875,57.0,2.0,2.0,37.0,38.0,V/V,2,2,7,9
94,39.875,55.0,0.0,0.125,38.0,40.0,V,7,5,7,2
95,40.0,59.0,4.0,0.125,38.0,40.0,V,7,5,7,2
96,40.125,55.0,0.0,0.375,40.0,42.0,I,0,1,7,7
97,40.5,55.0,0.0,0.125,40.0,42.0,I,0,1,7,7
98,40.625,55.0,0.0,0.25,40.0,42.0,I,0,1,7,7
99,40.875,58.0,3.0,0.25,40.0,42.0,I,0,1,7,7
100,41.125,57.0,2.0,0.25,40.0,42.0,I,0,1,7,7
101,41.375,55.0,0.0,0.25,40.0,42.0,I,0,1,7,7
102,41.625,55.0,0.0,0.25,40.0,42.0,I,0,1,7,7
103,41.875,53.0,10.0,0.25,40.0,42.0,I,0,1,7,7
104,42.125,55.0,0.0,1.75,42.0,44.0,IV,5,4,7,0
105,43.875,55.0,0.0,0.125,42.0,44.0,IV,5,4,7,0
106,44.0,65.0,10.0,0.125,42.0,44.0,IV,5,4,7,0
107,44.125,65.0,10.0,0.25,44.0,45.0,I,0,1,7,7
108,44.375,58.0,3.0,0.25,44.0,45.0,I,0,1,7,7
109,44.625,55.0,0.0,0.375,44.0,45.0,I,0,1,7,7
110,45.0,62.0,7.0,0.25,44.0,45.0,I,0,1,7,7
111,45.25,57.0,2.0,0.125,45.0,46.0,V,7,5,7,2
112,45.375,58.0,3.0,0.25,45.0,46.0,V,7,5,7,2
113,45.625,58.0,3.0,0.125,45.0,46.0,V,7,5,7,2
114,45.75,57.0,2.0,0.125,45.0,46.0,V,7,5,7,2
115,45.875,55.0,0.0,1.75,45.0,46.0,V,7,5,7,2
116,47.625,62.0,7.0,0.125,46.0,49.0,I,0,1,7,7
117,47.75,62.0,7.0,0.125,46.0,49.0,I,0,1,7,7
118,47.875,67.0,0.0,0.75,46.0,49.0,I,0,1,7,7
119,48.625,65.0,10.0,0.125,46.0,49.0,I,0,1,7,7
120,48.75,62.0,7.0,0.125,46.0,49.0,I,0,1,7,7
121,48.875,60.0,5.0,0.125,46.0,49.0,I,0,1,7,7
122,49.0,62.0,7.0,0.625,46.0,49.0,I,0,1,7,7
123,49.625,64.0,9.0,0.125,49.0,50.0,V,7,5,7,2
124,49.75,58.0,3.0,0.25,49.0,50.0,V,7,5,7,2
125,50.0,59.0,4.0,0.0619999999999976,49.0,50.0,V,7,5,7,2
126,50.062,55.0,0.0,1.9380000000000024,50.0,53.0,I,0,1,7,7
127,52.0,67.0,0.0,0.125,50.0,53.0,I,0,1,7,7
128,52.125,67.0,0.0,0.375,50.0,53.0,I,0,1,7,7
129,52.5,62.0,7.0,0.125,50.0,53.0,I,0,1,7,7
130,52.625,62.0,7.0,0.375,50.0,53.0,I,0,1,7,7
131,53.0,62.0,7.0,0.125,50.0,53.0,I,0,1,7,7
132,53.125,62.0,7.0,0.25,53.0,54.0,V,7,5,7,2
133,53.375,59.0,4.0,0.125,53.0,54.0,V,7,5,7,2
134,53.5,62.0,7.0,0.125,53.0,54.0,V,7,5,7,2
135,53.625,64.0,9.0,0.125,53.0,54.0,V,7,5,7,2
136,53.75,58.0,3.0,0.125,53.0,54.0,V,7,5,7,2
137,53.875,57.0,2.0,0.125,53.0,54.0,V,7,5,7,2
138,54.0,55.0,0.0,17.625,53.0,54.0,V,7,5,7,2
139,71.625,62.0,7.0,0.125,70.0,73.0,I,0,1,7,7
140,71.75,62.0,7.0,0.125,70.0,73.0,I,0,1,7,7
141,71.875,67.0,0.0,0.75,70.0,73.0,I,0,1,7,7
142,72.625,65.0,10.0,0.125,70.0,73.0,I,0,1,7,7
143,72.75,62.0,7.0,0.125,70.0,73.0,I,0,1,7,7
144,72.875,60.0,5.0,0.125,70.0,73.0,I,0,1,7,7
145,73.0,62.0,7.0,0.625,70.0,73.0,I,0,1,7,7
146,73.625,64.0,9.0,0.125,73.0,74.0,V,7,5,7,2
147,73.75,58.0,3.0,0.25,73.0,74.0,V,7,5,7,2
148,74.0,59.0,4.0,0.0619999999999976,73.0,74.0,V,7,5,7,2
149,74.062,55.0,0.0,1.9380000000000024,74.0,77.0,I,0,1,7,7
150,76.0,67.0,0.0,0.125,74.0,77.0,I,0,1,7,7
151,76.125,67.0,0.0,0.375,74.0,77.0,I,0,1,7,7
152,76.5,62.0,7.0,0.125,74.0,77.0,I,0,1,7,7
153,76.625,62.0,7.0,0.375,74.0,77.0,I,0,1,7,7
154,77.0,62.0,7.0,0.125,74.0,77.0,I,0,1,7,7
155,77.125,62.0,7.0,0.25,77.0,78.0,V,7,5,7,2
156,77.375,59.0,4.0,0.125,77.0,78.0,V,7,5,7,2
157,77.5,62.0,7.0,0.125,77.0,78.0,V,7,5,7,2
158,77.625,64.0,9.0,0.125,77.0,78.0,V,7,5,7,2
159,77.75,58.0,3.0,0.125,77.0,78.0,V,7,5,7,2
160,77.875,57.0,2.0,0.125,77.0,78.0,V,7,5,7,2
161,78.0,55.0,0.0,1.625,77.0,78.0,V,7,5,7,2
162,79.625,62.0,7.0,0.125,78.0,81.0,I,0,1,7,7
163,79.75,62.0,7.0,0.125,78.0,81.0,I,0,1,7,7
164,79.875,67.0,0.0,0.75,78.0,81.0,I,0,1,7,7
165,80.625,65.0,10.0,0.125,78.0,81.0,I,0,1,7,7
166,80.75,62.0,7.0,0.125,78.0,81.0,I,0,1,7,7
167,80.875,60.0,5.0,0.125,78.0,81.0,I,0,1,7,7
168,81.0,62.0,7.0,0.625,78.0,81.0,I,0,1,7,7
169,81.625,64.0,9.0,0.125,81.0,82.0,V,7,5,7,2
170,81.75,58.0,3.0,0.25,81.0,82.0,V,7,5,7,2
171,82.0,59.0,4.0,0.0619999999999976,81.0,82.0,V,7,5,7,2
172,82.062,55.0,0.0,1.9380000000000024,82.0,85.0,I,0,1,7,7
173,84.0,67.0,0.0,0.125,82.0,85.0,I,0,1,7,7
174,84.125,67.0,0.0,0.375,82.0,85.0,I,0,1,7,7
175,84.5,62.0,7.0,0.125,82.0,85.0,I,0,1,7,7
176,84.625,62.0,7.0,0.375,82.0,85.0,I,0,1,7,7
177,85.0,62.0,7.0,0.125,82.0,85.0,I,0,1,7,7
178,85.125,62.0,7.0,0.25,85.0,86.0,V,7,5,7,2
179,85.375,59.0,4.0,0.125,85.0,86.0,V,7,5,7,2
180,85.5,62.0,7.0,0.125,85.0,86.0,V,7,5,7,2
181,85.625,64.0,9.0,0.125,85.0,86.0,V,7,5,7,2
182,85.75,58.0,3.0,0.125,85.0,86.0,V,7,5,7,2
183,85.875,57.0,2.0,0.125,85.0,86.0,V,7,5,7,2
