,time,note,scale degree,length,start,end,numeral,chromatic root,diatonic root,key,absolute root
0,4.0,52.0,9.0,0.125,0.0,5.0,I,0,1,7,7
1,4.125,55.0,0.0,0.125,0.0,5.0,I,0,1,7,7
2,4.25,55.0,0.0,0.125,0.0,5.0,I,0,1,7,7
3,4.375,55.0,0.0,0.125,0.0,5.0,I,0,1,7,7
4,4.5,57.0,2.0,0.25,0.0,5.0,I,0,1,7,7
5,4.75,55.0,0.0,0.125,0.0,5.0,I,0,1,7,7
6,4.875,59.0,4.0,0.875,0.0,5.0,I,0,1,7,7
7,5.75,57.0,2.0,0.125,5.0,6.0,III,4,3,7,11
8,5.875,59.0,4.0,0.125,5.0,6.0,III,4,3,7,11
9,6.0,60.0,5.0,0.125,5.0,6.0,III,4,3,7,11
10,6.125,60.0,5.0,0.125,6.0,7.0,IV,5,4,7,0
11,6.25,60.0,5.0,0.125,6.0,7.0,IV,5,4,7,0
12,6.375,60.0,5.0,0.125,6.0,7.0,IV,5,4,7,0
13,6.5,60.0,5.0,0.125,6.0,7.0,IV,5,4,7,0
14,6.625,59.0,4.0,0.125,6.0,7.0,IV,5,4,7,0
15,6.75,58.0,3.0,0.125,6.0,7.0,IV,5,4,7,0
16,6.875,59.0,4.0,0.125,6.0,7.0,IV,5,4,7,0
17,7.0,57.0,2.0,1.0,6.0,7.0,IV,5,4,7,0
18,8.0,52.0,9.0,0.125,7.0,8.0,II,2,2,7,9
19,8.125,55.0,0.0,0.25,8.0,9.0,I,0,1,7,7
20,8.375,55.0,0.0,0.125,8.0,9.0,I,0,1,7,7
21,8.5,57.0,2.0,0.25,8.0,9.0,I,0,1,7,7
22,8.75,55.0,0.0,0.125,8.0,9.0,I,0,1,7,7
23,8.875,59.0,4.0,0.875,8.0,9.0,I,0,1,7,7
24,9.75,59.0,4.0,0.125,9.0,10.0,III,4,3,7,11
25,9.875,59.0,4.0,0.125,9.0,10.0,III,4,3,7,11
26,10.0,60.0,5.0,0.125,9.0,10.0,III,4,3,7,11
27,10.125,60.0,5.0,0.125,10.0,11.0,IV,5,4,7,0
28,10.25,60.0,5.0,0.125,10.0,11.0,IV,5,4,7,0
29,10.375,60.0,5.0,0.125,10.0,11.0,IV,5,4,7,0
30,10.5,62.0,7.0,0.25,10.0,11.0,IV,5,4,7,0
31,10.75,59.0,4.0,0.125,10.0,11.0,IV,5,4,7,0
32,10.875,59.0,4.0,0.5,10.0,11.0,IV,5,4,7,0
33,11.375,59.0,4.0,0.5,11.0,12.0,II,2,2,7,9
34,11.875,52.0,9.0,0.125,11.0,12.0,II,2,2,7,9
35,12.0,55.0,0.0,0.125,11.0,12.0,II,2,2,7,9
36,12.125,55.0,0.0,0.125,12.0,13.0,I,0,1,7,7
37,12.25,55.0,0.0,0.125,12.0,13.0,I,0,1,7,7
38,12.375,55.0,0.0,0.125,12.0,13.0,I,0,1,7,7
39,12.5,55.0,0.0,0.125,12.0,13.0,I,0,1,7,7
40,12.625,55.0,0.0,0.125,12.0,13.0,I,0,1,7,7
41,12.75,55.0,0.0,0.125,12.0,13.0,I,0,1,7,7
42,12.875,57.0,2.0,0.625,12.0,13.0,I,0,1,7,7
43,13.5,57.0,2.0,0.125,13.0,14.0,vi,9,6,7,4
44,13.625,59.0,4.0,0.125,13.0,14.0,vi,9,6,7,4
45,13.75,59.0,4.0,0.125,13.0,14.0,vi,9,6,7,4
46,13.875,64.0,9.0,0.125,13.0,14.0,vi,9,6,7,4
47,14.0,62.0,7.0,0.125,13.0,14.0,vi,9,6,7,4
48,14.125,59.0,4.0,0.0630000000000006,14.0,15.0,I,0,1,7,7
49,14.188,57.0,2.0,0.0619999999999993,14.0,15.0,I,0,1,7,7
50,14.25,55.0,0.0,0.25,14.0,15.0,I,0,1,7,7
51,14.5,59.0,4.0,0.125,14.0,15.0,I,0,1,7,7
52,14.625,57.0,2.0,0.125,14.0,15.0,I,0,1,7,7
53,14.75,55.0,0.0,0.125,14.0,15.0,I,0,1,7,7
54,14.875,57.0,2.0,0.5,14.0,15.0,I,0,1,7,7
55,15.375,64.0,9.0,0.125,15.0,16.0,vi,9,6,7,4
56,15.5,62.0,7.0,0.125,15.0,16.0,vi,9,6,7,4
57,15.625,57.0,2.0,0.125,15.0,16.0,vi,9,6,7,4
58,15.75,57.0,2.0,0.25,15.0,16.0,vi,9,6,7,4
59,16.0,52.0,9.0,0.125,15.0,16.0,vi,9,6,7,4
60,16.125,55.0,0.0,0.125,16.0,17.0,I,0,1,7,7
61,16.25,55.0,0.0,0.125,16.0,17.0,I,0,1,7,7
62,16.375,52.0,9.0,0.125,16.0,17.0,I,0,1,7,7
63,16.5,55.0,0.0,0.125,16.0,17.0,I,0,1,7,7
64,16.625,55.0,0.0,0.125,16.0,17.0,I,0,1,7,7
65,16.75,55.0,0.0,0.125,16.0,17.0,I,0,1,7,7
66,16.875,57.0,2.0,0.625,16.0,17.0,I,0,1,7,7
67,17.5,57.0,2.0,0.125,17.0,18.0,II,2,2,7,9
68,17.625,55.0,0.0,0.125,17.0,18.0,II,2,2,7,9
69,17.75,52.0,9.0,0.125,17.0,18.0,II,2,2,7,9
70,17.875,55.0,0.0,0.5629999999999988,17.0,18.0,II,2,2,7,9
71,18.438,59.0,4.0,0.1240000000000023,18.0,19.0,I,0,1,7,7
72,18.562,57.0,2.0,0.0629999999999988,18.0,19.0,I,0,1,7,7
73,18.625,55.0,0.0,0.375,18.0,19.0,I,0,1,7,7
74,19.0,52.0,9.0,0.875,18.0,19.0,I,0,1,7,7
75,19.875,52.0,9.0,0.125,19.0,20.0,VI,9,6,7,4
76,20.0,55.0,0.0,0.125,19.0,20.0,VI,9,6,7,4
77,20.125,55.0,0.0,0.3129999999999988,20.0,21.0,I,0,1,7,7
78,20.438,59.0,4.0,0.0620000000000011,20.0,21.0,I,0,1,7,7
79,20.5,57.0,2.0,0.0620000000000011,20.0,21.0,I,0,1,7,7
80,20.562,55.0,0.0,0.0629999999999988,20.0,21.0,I,0,1,7,7
81,20.625,52.0,9.0,0.125,20.0,21.0,I,0,1,7,7
82,20.75,55.0,0.0,0.125,20.0,21.0,I,0,1,7,7
83,20.875,59.0,4.0,0.25,20.0,21.0,I,0,1,7,7
84,21.125,59.0,4.0,0.75,21.0,22.0,III,4,3,7,11
85,21.875,60.0,5.0,0.25,21.0,22.0,III,4,3,7,11
86,22.125,60.0,5.0,0.125,22.0,23.0,IV,5,4,7,0
87,22.25,60.0,5.0,0.125,22.0,23.0,IV,5,4,7,0
88,22.375,58.0,3.0,0.125,22.0,23.0,IV,5,4,7,0
89,22.5,60.0,5.0,0.125,22.0,23.0,IV,5,4,7,0
90,22.625,59.0,4.0,0.25,22.0,23.0,IV,5,4,7,0
91,22.875,59.0,4.0,1.0,22.0,23.0,IV,5,4,7,0
92,23.875,52.0,9.0,0.125,23.0,24.0,II,2,2,7,9
93,24.0,55.0,0.0,0.125,23.0,24.0,II,2,2,7,9
94,24.125,55.0,0.0,0.375,24.0,25.0,I,0,1,7,7
95,24.5,57.0,2.0,0.125,24.0,25.0,I,0,1,7,7
96,24.625,55.0,0.0,0.125,24.0,25.0,I,0,1,7,7
97,24.75,55.0,0.0,0.125,24.0,25.0,I,0,1,7,7
98,24.875,59.0,4.0,0.25,24.0,25.0,I,0,1,7,7
99,25.125,59.0,4.0,0.5,25.0,26.0,III,4,3,7,11
100,25.625,55.0,0.0,0.125,25.0,26.0,III,4,3,7,11
101,25.75,59.0,4.0,0.125,25.0,26.0,III,4,3,7,11
102,25.875,59.0,4.0,0.125,25.0,26.0,III,4,3,7,11
103,26.0,60.0,5.0,0.125,25.0,26.0,III,4,3,7,11
104,26.125,60.0,5.0,0.125,26.0,27.0,IV,5,4,7,0
105,26.25,60.0,5.0,0.125,26.0,27.0,IV,5,4,7,0
106,26.375,60.0,5.0,0.125,26.0,27.0,IV,5,4,7,0
107,26.5,60.0,5.0,0.125,26.0,27.0,IV,5,4,7,0
108,26.625,59.0,4.0,0.125,26.0,27.0,IV,5,4,7,0
109,26.75,58.0,3.0,0.125,26.0,27.0,IV,5,4,7,0
110,26.875,57.0,2.0,0.5,26.0,27.0,IV,5,4,7,0
111,27.375,59.0,4.0,0.25,27.0,28.0,II,2,2,7,9
112,27.625,55.0,0.0,0.125,27.0,28.0,II,2,2,7,9
113,27.75,55.0,0.0,0.125,27.0,28.0,II,2,2,7,9
114,27.875,52.0,9.0,0.125,27.0,28.0,II,2,2,7,9
115,28.0,55.0,0.0,0.25,27.0,28.0,II,2,2,7,9
116,28.25,55.0,0.0,0.125,28.0,29.0,I,0,1,7,7
117,28.375,52.0,9.0,0.125,28.0,29.0,I,0,1,7,7
118,28.5,55.0,0.0,0.125,28.0,29.0,I,0,1,7,7
119,28.625,55.0,0.0,0.125,28.0,29.0,I,0,1,7,7
120,28.75,55.0,0.0,0.125,28.0,29.0,I,0,1,7,7
121,28.875,57.0,2.0,0.625,28.0,29.0,I,0,1,7,7
122,29.5,57.0,2.0,0.125,29.0,30.0,vi,9,6,7,4
123,29.625,59.0,4.0,0.125,29.0,30.0,vi,9,6,7,4
124,29.75,59.0,4.0,0.125,29.0,30.0,vi,9,6,7,4
125,29.875,64.0,9.0,0.125,29.0,30.0,vi,9,6,7,4
126,30.0,62.0,7.0,0.125,29.0,30.0,vi,9,6,7,4
127,30.125,59.0,4.0,0.0629999999999988,30.0,31.0,I,0,1,7,7
128,30.188,57.0,2.0,0.0620000000000011,30.0,31.0,I,0,1,7,7
129,30.25,55.0,0.0,0.25,30.0,31.0,I,0,1,7,7
130,30.5,59.0,4.0,0.125,30.0,31.0,I,0,1,7,7
131,30.625,57.0,2.0,0.125,30.0,31.0,I,0,1,7,7
132,30.75,55.0,0.0,0.125,30.0,31.0,I,0,1,7,7
133,30.875,57.0,2.0,0.5,30.0,31.0,I,0,1,7,7
134,31.375,64.0,9.0,0.125,31.0,32.0,vi,9,6,7,4
135,31.5,62.0,7.0,0.125,31.0,32.0,vi,9,6,7,4
136,31.625,57.0,2.0,0.25,31.0,32.0,vi,9,6,7,4
137,31.875,52.0,9.0,0.125,31.0,32.0,vi,9,6,7,4
138,32.0,55.0,0.0,0.125,31.0,32.0,vi,9,6,7,4
139,32.125,55.0,0.0,0.125,32.0,33.0,I,0,1,7,7
140,32.25,55.0,0.0,0.125,32.0,33.0,I,0,1,7,7
141,32.375,52.0,9.0,0.125,32.0,33.0,I,0,1,7,7
142,32.5,55.0,0.0,0.125,32.0,33.0,I,0,1,7,7
143,32.625,55.0,0.0,0.125,32.0,33.0,I,0,1,7,7
144,32.75,55.0,0.0,0.125,32.0,33.0,I,0,1,7,7
145,32.875,57.0,2.0,0.625,32.0,33.0,I,0,1,7,7
146,33.5,57.0,2.0,0.125,33.0,34.0,II,2,2,7,9
147,33.625,55.0,0.0,0.125,33.0,34.0,II,2,2,7,9
148,33.75,52.0,9.0,0.125,33.0,34.0,II,2,2,7,9
149,33.875,55.0,0.0,0.5,33.0,34.0,II,2,2,7,9
150,34.375,59.0,4.0,0.0630000000000023,34.0,35.0,I,0,1,7,7
151,34.438,57.0,2.0,0.0619999999999976,34.0,35.0,I,0,1,7,7
152,34.5,55.0,0.0,0.375,34.0,35.0,I,0,1,7,7
153,34.875,52.0,9.0,1.5,34.0,35.0,I,0,1,7,7
154,36.375,67.0,0.0,0.125,36.0,36.5,I,0,1,7,7
155,36.5,64.0,9.0,0.375,36.0,36.5,I,0,1,7,7
156,36.875,67.0,0.0,0.125,36.5,37.0,V,7,5,7,2
157,37.0,64.0,9.0,0.125,36.5,37.0,V,7,5,7,2
158,37.125,64.0,9.0,0.125,37.0,38.0,IV,5,4,7,0
159,37.25,62.0,7.0,0.125,37.0,38.0,IV,5,4,7,0
160,37.375,58.0,3.0,0.0630000000000023,37.0,38.0,IV,5,4,7,0
161,37.438,57.0,2.0,0.0619999999999976,37.0,38.0,IV,5,4,7,0
162,37.5,55.0,0.0,0.875,37.0,38.0,IV,5,4,7,0
163,38.375,64.0,9.0,0.1869999999999976,38.0,38.5,I,0,1,7,7
164,38.562,62.0,7.0,0.1880000000000024,38.5,39.0,V,7,5,7,2
165,38.75,62.0,7.0,0.3119999999999976,38.5,39.0,V,7,5,7,2
166,39.062,59.0,4.0,0.0630000000000023,39.0,40.0,IV,5,4,7,0
167,39.125,57.0,2.0,0.0630000000000023,39.0,40.0,IV,5,4,7,0
168,39.188,55.0,0.0,0.1239999999999952,39.0,40.0,IV,5,4,7,0
169,39.312,55.0,0.0,0.0630000000000023,39.0,40.0,IV,5,4,7,0
170,39.375,59.0,4.0,0.1869999999999976,39.0,40.0,IV,5,4,7,0
171,39.562,57.0,2.0,0.0630000000000023,39.0,40.0,IV,5,4,7,0
172,39.625,57.0,2.0,0.125,39.0,40.0,IV,5,4,7,0
173,39.75,55.0,0.0,0.625,39.0,40.0,IV,5,4,7,0
174,40.375,67.0,0.0,0.125,40.0,40.5,I,0,1,7,7
175,40.5,64.0,9.0,0.125,40.0,40.5,I,0,1,7,7
176,40.625,64.0,9.0,0.1869999999999976,40.5,41.0,V,7,5,7,2
177,40.812,62.0,7.0,0.1880000000000024,40.5,41.0,V,7,5,7,2
178,41.0,67.0,0.0,0.125,40.5,41.0,V,7,5,7,2
179,41.125,64.0,9.0,0.125,41.0,41.5,IV,5,4,7,0
180,41.25,62.0,7.0,0.125,41.0,41.5,IV,5,4,7,0
181,41.375,64.0,9.0,0.125,41.0,41.5,IV,5,4,7,0
182,41.5,62.0,7.0,0.125,41.0,41.5,IV,5,4,7,0
183,41.625,59.0,4.0,0.125,41.5,42.0,I,0,1,7,7
184,41.75,57.0,2.0,0.125,41.5,42.0,I,0,1,7,7
185,41.875,55.0,0.0,0.375,41.5,42.0,I,0,1,7,7
186,42.25,64.0,9.0,0.125,42.0,43.0,bVII,10,7,7,5
187,42.375,64.0,9.0,0.125,42.0,43.0,bVII,10,7,7,5
188,42.5,64.0,9.0,0.125,42.0,43.0,bVII,10,7,7,5
189,42.625,64.0,9.0,0.125,42.0,43.0,bVII,10,7,7,5
190,42.75,62.0,7.0,0.125,42.0,43.0,bVII,10,7,7,5
191,42.875,65.0,10.0,0.0630000000000023,42.0,43.0,bVII,10,7,7,5
192,42.938,64.0,9.0,0.0619999999999976,42.0,43.0,bVII,10,7,7,5
193,43.0,62.0,7.0,0.125,42.0,43.0,bVII,10,7,7,5
194,43.125,59.0,4.0,0.125,43.0,44.0,V,7,5,7,2
195,43.25,65.0,10.0,0.0619999999999976,43.0,44.0,V,7,5,7,2
196,43.312,64.0,9.0,0.0630000000000023,43.0,44.0,V,7,5,7,2
197,43.375,62.0,7.0,0.625,43.0,44.0,V,7,5,7,2
198,44.0,53.0,10.0,0.125,43.0,44.0,V,7,5,7,2
199,44.125,55.0,0.0,0.125,44.0,45.0,I,0,1,7,7
200,44.25,55.0,0.0,0.25,44.0,45.0,I,0,1,7,7
201,44.5,57.0,2.0,0.125,44.0,45.0,I,0,1,7,7
202,44.625,55.0,0.0,0.125,44.0,45.0,I,0,1,7,7
203,44.75,55.0,0.0,0.125,44.0,45.0,I,0,1,7,7
204,44.875,59.0,4.0,0.75,44.0,45.0,I,0,1,7,7
205,45.625,55.0,0.0,0.125,45.0,46.0,III,4,3,7,11
206,45.75,59.0,4.0,0.125,45.0,46.0,III,4,3,7,11
207,45.875,60.0,5.0,0.25,45.0,46.0,III,4,3,7,11
208,46.125,60.0,5.0,0.125,46.0,47.0,IV,5,4,7,0
209,46.25,60.0,5.0,0.125,46.0,47.0,IV,5,4,7,0
210,46.375,60.0,5.0,0.125,46.0,47.0,IV,5,4,7,0
211,46.5,60.0,5.0,0.125,46.0,47.0,IV,5,4,7,0
212,46.625,59.0,4.0,0.125,46.0,47.0,IV,5,4,7,0
213,46.75,59.0,4.0,0.125,46.0,47.0,IV,5,4,7,0
214,46.875,59.0,4.0,0.125,46.0,47.0,IV,5,4,7,0
215,47.0,57.0,2.0,1.0,46.0,47.0,IV,5,4,7,0
216,48.0,55.0,0.0,0.125,47.0,48.0,II,2,2,7,9
217,48.125,55.0,0.0,0.25,48.0,49.0,I,0,1,7,7
218,48.375,55.0,0.0,0.125,48.0,49.0,I,0,1,7,7
219,48.5,57.0,2.0,0.0619999999999976,48.0,49.0,I,0,1,7,7
220,48.562,55.0,0.0,0.0630000000000023,48.0,49.0,I,0,1,7,7
221,48.625,52.0,9.0,0.125,48.0,49.0,I,0,1,7,7
222,48.75,55.0,0.0,0.125,48.0,49.0,I,0,1,7,7
223,48.875,59.0,4.0,0.875,48.0,49.0,I,0,1,7,7
224,49.75,59.0,4.0,0.125,49.0,50.0,III,4,3,7,11
225,49.875,59.0,4.0,0.125,49.0,50.0,III,4,3,7,11
226,50.0,60.0,5.0,0.25,49.0,50.0,III,4,3,7,11
227,50.25,60.0,5.0,0.25,50.0,51.0,IV,5,4,7,0
228,50.5,60.0,5.0,0.125,50.0,51.0,IV,5,4,7,0
229,50.625,59.0,4.0,0.25,50.0,51.0,IV,5,4,7,0
230,50.875,57.0,2.0,0.5,50.0,51.0,IV,5,4,7,0
231,51.375,57.0,2.0,0.25,51.0,52.0,II,2,2,7,9
232,51.625,55.0,0.0,0.125,51.0,52.0,II,2,2,7,9
233,51.75,55.0,0.0,0.125,51.0,52.0,II,2,2,7,9
234,51.875,52.0,9.0,0.125,51.0,52.0,II,2,2,7,9
235,52.0,55.0,0.0,0.25,51.0,52.0,II,2,2,7,9
236,52.25,55.0,0.0,0.125,52.0,53.0,I,0,1,7,7
237,52.375,52.0,9.0,0.125,52.0,53.0,I,0,1,7,7
238,52.5,55.0,0.0,0.125,52.0,53.0,I,0,1,7,7
239,52.625,55.0,0.0,0.125,52.0,53.0,I,0,1,7,7
240,52.75,55.0,0.0,0.125,52.0,53.0,I,0,1,7,7
241,52.875,57.0,2.0,0.625,52.0,53.0,I,0,1,7,7
242,53.5,57.0,2.0,0.125,53.0,54.0,vi,9,6,7,4
243,53.625,59.0,4.0,0.125,53.0,54.0,vi,9,6,7,4
244,53.75,59.0,4.0,0.125,53.0,54.0,vi,9,6,7,4
245,53.875,64.0,9.0,0.125,53.0,54.0,vi,9,6,7,4
246,54.0,62.0,7.0,0.125,53.0,54.0,vi,9,6,7,4
247,54.125,59.0,4.0,0.0630000000000023,54.0,55.0,I,0,1,7,7
248,54.188,57.0,2.0,0.0619999999999976,54.0,55.0,I,0,1,7,7
249,54.25,55.0,0.0,0.25,54.0,55.0,I,0,1,7,7
250,54.5,59.0,4.0,0.125,54.0,55.0,I,0,1,7,7
251,54.625,57.0,2.0,0.125,54.0,55.0,I,0,1,7,7
252,54.75,55.0,0.0,0.125,54.0,55.0,I,0,1,7,7
253,54.875,57.0,2.0,0.5,54.0,55.0,I,0,1,7,7
254,55.375,64.0,9.0,0.25,55.0,56.0,vi,9,6,7,4
255,55.625,59.0,4.0,0.375,55.0,56.0,vi,9,6,7,4
256,56.0,55.0,0.0,0.125,55.0,56.0,vi,9,6,7,4
257,56.125,55.0,0.0,0.125,56.0,57.0,I,0,1,7,7
258,56.25,55.0,0.0,0.125,56.0,57.0,I,0,1,7,7
259,56.375,52.0,9.0,0.125,56.0,57.0,I,0,1,7,7
260,56.5,55.0,0.0,0.125,56.0,57.0,I,0,1,7,7
261,56.625,55.0,0.0,0.125,56.0,57.0,I,0,1,7,7
262,56.75,55.0,0.0,0.125,56.0,57.0,I,0,1,7,7
263,56.875,57.0,2.0,0.625,56.0,57.0,I,0,1,7,7
264,57.5,57.0,2.0,0.125,57.0,58.0,II,2,2,7,9
265,57.625,55.0,0.0,0.125,57.0,58.0,II,2,2,7,9
266,57.75,52.0,9.0,0.125,57.0,58.0,II,2,2,7,9
267,57.875,55.0,0.0,0.5,57.0,58.0,II,2,2,7,9
268,58.375,59.0,4.0,0.0630000000000023,58.0,59.0,I,0,1,7,7
269,58.438,57.0,2.0,0.0619999999999976,58.0,59.0,I,0,1,7,7
270,58.5,55.0,0.0,0.375,58.0,59.0,I,0,1,7,7
