,time,note,scale degree,length,start,end,numeral,chromatic root,diatonic root,key,absolute root
0,5.625,61.0,9.0,0.125,5.5,6.0,IV,5,4,4,9
1,5.75,64.0,0.0,0.125,5.5,6.0,IV,5,4,4,9
2,5.875,64.0,0.0,0.125,5.5,6.0,IV,5,4,4,9
3,6.0,68.0,4.0,0.25,5.5,6.0,IV,5,4,4,9
4,6.25,64.0,0.0,0.125,6.0,6.5,I,0,1,4,4
5,6.375,64.0,0.0,0.125,6.0,6.5,I,0,1,4,4
6,6.5,66.0,2.0,0.125,6.0,6.5,I,0,1,4,4
7,6.625,64.0,0.0,0.25,6.5,7.0,IV,5,4,4,9
8,6.875,61.0,9.0,0.0629999999999997,6.5,7.0,IV,5,4,4,9
9,6.938,59.0,7.0,0.6870000000000003,6.5,7.0,IV,5,4,4,9
10,7.625,61.0,9.0,0.125,7.5,8.0,IV,5,4,4,9
11,7.75,64.0,0.0,0.125,7.5,8.0,IV,5,4,4,9
12,7.875,64.0,0.0,0.125,7.5,8.0,IV,5,4,4,9
13,8.0,68.0,4.0,0.25,7.5,8.0,IV,5,4,4,9
14,8.25,68.0,4.0,0.25,8.0,8.5,I,0,1,4,4
15,8.5,64.0,0.0,0.0619999999999993,8.0,8.5,I,0,1,4,4
16,8.562,66.0,2.0,0.0630000000000006,8.5,9.0,IV,5,4,4,9
17,8.625,64.0,0.0,0.1869999999999994,8.5,9.0,IV,5,4,4,9
18,8.812,64.0,0.0,0.1880000000000006,8.5,9.0,IV,5,4,4,9
19,9.0,61.0,9.0,0.625,8.5,9.0,IV,5,4,4,9
20,9.625,61.0,9.0,0.125,9.5,10.0,IV,5,4,4,9
21,9.75,64.0,0.0,0.125,9.5,10.0,IV,5,4,4,9
22,9.875,64.0,0.0,0.125,9.5,10.0,IV,5,4,4,9
23,10.0,68.0,4.0,0.25,9.5,10.0,IV,5,4,4,9
24,10.25,68.0,4.0,0.125,10.0,10.5,I,0,1,4,4
25,10.375,68.0,4.0,0.125,10.0,10.5,I,0,1,4,4
26,10.5,66.0,2.0,0.125,10.0,10.5,I,0,1,4,4
27,10.625,64.0,0.0,0.25,10.5,11.0,IV,5,4,4,9
28,10.875,61.0,9.0,0.0630000000000006,10.5,11.0,IV,5,4,4,9
29,10.938,59.0,7.0,0.0619999999999993,10.5,11.0,IV,5,4,4,9
30,11.0,61.0,9.0,0.625,10.5,11.0,IV,5,4,4,9
31,11.625,61.0,9.0,0.125,11.5,12.0,IV,5,4,4,9
32,11.75,64.0,0.0,0.25,11.5,12.0,IV,5,4,4,9
33,12.0,68.0,4.0,0.25,11.5,12.0,IV,5,4,4,9
34,12.25,68.0,4.0,0.25,12.0,12.5,I,0,1,4,4
35,12.5,66.0,2.0,0.0619999999999993,12.0,12.5,I,0,1,4,4
36,12.562,64.0,0.0,0.1880000000000006,12.5,13.0,IV,5,4,4,9
37,12.75,64.0,0.0,0.0619999999999993,12.5,13.0,IV,5,4,4,9
38,12.812,66.0,2.0,0.0630000000000006,12.5,13.0,IV,5,4,4,9
39,12.875,64.0,0.0,0.375,12.5,13.0,IV,5,4,4,9
40,13.25,61.0,9.0,0.375,13.0,13.5,I,0,1,4,4
41,13.625,61.0,9.0,0.125,13.5,14.0,IV,5,4,4,9
42,13.75,64.0,0.0,0.125,13.5,14.0,IV,5,4,4,9
43,13.875,64.0,0.0,0.125,13.5,14.0,IV,5,4,4,9
44,14.0,66.0,2.0,0.125,13.5,14.0,IV,5,4,4,9
45,14.125,66.0,2.0,0.375,14.0,15.0,V,7,5,4,11
46,14.5,66.0,2.0,0.125,14.0,15.0,V,7,5,4,11
47,14.625,64.0,0.0,0.125,14.0,15.0,V,7,5,4,11
48,14.75,64.0,0.0,0.125,14.0,15.0,V,7,5,4,11
49,14.875,68.0,4.0,0.0630000000000006,14.0,15.0,V,7,5,4,11
50,14.938,66.0,2.0,0.1239999999999987,14.0,15.0,V,7,5,4,11
51,15.062,64.0,0.0,0.0630000000000006,15.0,16.0,IV,5,4,4,9
52,15.125,61.0,9.0,0.75,15.0,16.0,IV,5,4,4,9
53,15.875,61.0,9.0,0.125,15.0,16.0,IV,5,4,4,9
54,16.0,69.0,5.0,0.125,15.0,16.0,IV,5,4,4,9
55,16.125,69.0,5.0,0.25,16.0,17.0,V,7,5,4,11
56,16.375,69.0,5.0,0.125,16.0,17.0,V,7,5,4,11
57,16.5,68.0,4.0,0.0620000000000011,16.0,17.0,V,7,5,4,11
58,16.562,66.0,2.0,0.0629999999999988,16.0,17.0,V,7,5,4,11
59,16.625,64.0,0.0,0.125,16.0,17.0,V,7,5,4,11
60,16.75,64.0,0.0,0.125,16.0,17.0,V,7,5,4,11
61,16.875,67.0,3.0,0.25,16.0,17.0,V,7,5,4,11
62,17.125,61.0,9.0,0.125,17.0,18.0,IV,5,4,4,9
63,17.25,64.0,0.0,0.125,17.0,18.0,IV,5,4,4,9
64,17.375,61.0,9.0,0.125,17.0,18.0,IV,5,4,4,9
65,17.5,64.0,0.0,0.125,17.0,18.0,IV,5,4,4,9
66,17.625,64.0,0.0,0.25,17.0,18.0,IV,5,4,4,9
67,17.875,61.0,9.0,0.75,17.0,18.0,IV,5,4,4,9
68,18.625,64.0,0.0,0.125,18.5,19.0,IV,5,4,4,9
69,18.75,61.0,9.0,0.125,18.5,19.0,IV,5,4,4,9
70,18.875,61.0,9.0,0.25,18.5,19.0,IV,5,4,4,9
71,19.125,69.0,5.0,0.375,19.0,19.5,I,0,1,4,4
72,19.5,67.0,3.0,0.125,19.0,19.5,I,0,1,4,4
73,19.625,64.0,0.0,0.25,19.5,20.0,IV,5,4,4,9
74,19.875,64.0,0.0,2.75,19.5,20.0,IV,5,4,4,9
75,22.625,61.0,9.0,0.125,22.0,23.0,V,7,5,4,11
76,22.75,64.0,0.0,0.125,22.0,23.0,V,7,5,4,11
77,22.875,64.0,0.0,0.125,22.0,23.0,V,7,5,4,11
78,23.0,68.0,4.0,0.25,22.0,23.0,V,7,5,4,11
79,23.25,64.0,0.0,0.0620000000000011,23.0,23.5,I,0,1,4,4
80,23.312,64.0,0.0,0.1879999999999988,23.0,23.5,I,0,1,4,4
81,23.5,66.0,2.0,0.125,23.0,23.5,I,0,1,4,4
82,23.625,61.0,9.0,0.125,23.5,24.0,IV,5,4,4,9
83,23.75,64.0,0.0,0.0620000000000011,23.5,24.0,IV,5,4,4,9
84,23.812,68.0,4.0,0.8129999999999988,23.5,24.0,IV,5,4,4,9
85,24.625,61.0,9.0,0.125,24.5,25.0,IV,5,4,4,9
86,24.75,64.0,0.0,0.0620000000000011,24.5,25.0,IV,5,4,4,9
87,24.812,64.0,0.0,0.1879999999999988,24.5,25.0,IV,5,4,4,9
88,25.0,68.0,4.0,0.0620000000000011,24.5,25.0,IV,5,4,4,9
89,25.062,68.0,4.0,0.4379999999999988,25.0,25.5,I,0,1,4,4
90,25.5,64.0,0.0,0.125,25.0,25.5,I,0,1,4,4
91,25.625,64.0,0.0,0.25,25.5,26.0,IV,5,4,4,9
92,25.875,64.0,0.0,0.75,25.5,26.0,IV,5,4,4,9
93,26.625,61.0,9.0,0.125,26.5,27.0,IV,5,4,4,9
94,26.75,64.0,0.0,0.125,26.5,27.0,IV,5,4,4,9
95,26.875,64.0,0.0,0.125,26.5,27.0,IV,5,4,4,9
96,27.0,68.0,4.0,0.25,26.5,27.0,IV,5,4,4,9
97,27.25,64.0,0.0,0.125,27.0,27.5,I,0,1,4,4
98,27.375,64.0,0.0,0.125,27.0,27.5,I,0,1,4,4
99,27.5,66.0,2.0,0.125,27.0,27.5,I,0,1,4,4
100,27.625,64.0,0.0,0.25,27.5,28.0,IV,5,4,4,9
101,27.875,64.0,0.0,0.125,27.5,28.0,IV,5,4,4,9
102,28.0,61.0,9.0,0.0620000000000011,27.5,28.0,IV,5,4,4,9
103,28.062,59.0,7.0,0.5629999999999988,28.0,28.5,I,0,1,4,4
104,28.625,61.0,9.0,0.125,28.5,29.0,IV,5,4,4,9
105,28.75,64.0,0.0,0.125,28.5,29.0,IV,5,4,4,9
106,28.875,64.0,0.0,0.125,28.5,29.0,IV,5,4,4,9
107,29.0,68.0,4.0,0.375,28.5,29.0,IV,5,4,4,9
108,29.375,68.0,4.0,0.125,29.0,29.5,I,0,1,4,4
109,29.5,66.0,2.0,0.0620000000000011,29.0,29.5,I,0,1,4,4
110,29.562,64.0,0.0,0.1879999999999988,29.5,30.0,IV,5,4,4,9
111,29.75,64.0,0.0,0.125,29.5,30.0,IV,5,4,4,9
112,29.875,64.0,0.0,0.125,29.5,30.0,IV,5,4,4,9
113,30.0,61.0,9.0,0.125,29.5,30.0,IV,5,4,4,9
114,30.125,59.0,7.0,0.625,30.0,30.5,I,0,1,4,4
115,30.75,61.0,9.0,0.125,30.5,31.0,IV,5,4,4,9
116,30.875,64.0,0.0,0.125,30.5,31.0,IV,5,4,4,9
117,31.0,66.0,2.0,0.125,30.5,31.0,IV,5,4,4,9
118,31.125,66.0,2.0,0.375,31.0,32.0,V,7,5,4,11
119,31.5,66.0,2.0,0.125,31.0,32.0,V,7,5,4,11
120,31.625,66.0,2.0,0.25,31.0,32.0,V,7,5,4,11
121,31.875,68.0,4.0,0.25,31.0,32.0,V,7,5,4,11
122,32.125,71.0,7.0,0.0630000000000023,32.0,33.0,IV,5,4,4,9
123,32.188,73.0,9.0,0.6869999999999976,32.0,33.0,IV,5,4,4,9
124,32.875,59.0,7.0,0.125,32.0,33.0,IV,5,4,4,9
125,33.0,69.0,5.0,0.0619999999999976,32.0,33.0,IV,5,4,4,9
126,33.062,69.0,5.0,0.4380000000000024,33.0,34.0,V,7,5,4,11
127,33.5,68.0,4.0,0.0619999999999976,33.0,34.0,V,7,5,4,11
128,33.562,66.0,2.0,0.0630000000000023,33.0,34.0,V,7,5,4,11
129,33.625,64.0,0.0,0.125,33.0,34.0,V,7,5,4,11
130,33.75,64.0,0.0,0.125,33.0,34.0,V,7,5,4,11
131,33.875,64.0,0.0,0.375,33.0,34.0,V,7,5,4,11
132,34.25,64.0,0.0,0.125,34.0,35.0,IV,5,4,4,9
133,34.375,61.0,9.0,0.125,34.0,35.0,IV,5,4,4,9
134,34.5,64.0,0.0,0.125,34.0,35.0,IV,5,4,4,9
135,34.625,64.0,0.0,0.25,34.0,35.0,IV,5,4,4,9
136,34.875,64.0,0.0,0.75,34.0,35.0,IV,5,4,4,9
137,35.625,69.0,5.0,0.1869999999999976,35.5,36.0,IV,5,4,4,9
138,35.812,68.0,4.0,0.4380000000000024,35.5,36.0,IV,5,4,4,9
139,36.25,64.0,0.0,0.125,36.0,36.5,I,0,1,4,4
140,36.375,62.0,10.0,0.125,36.0,36.5,I,0,1,4,4
141,36.5,64.0,0.0,0.125,36.0,36.5,I,0,1,4,4
142,36.625,64.0,0.0,0.25,36.5,37.0,IV,5,4,4,9
143,36.875,64.0,0.0,10.75,36.5,37.0,IV,5,4,4,9
144,47.625,67.0,3.0,0.125,47.0,48.0,V,7,5,4,11
145,47.75,69.0,5.0,0.125,47.0,48.0,V,7,5,4,11
146,47.875,67.0,3.0,0.125,47.0,48.0,V,7,5,4,11
147,48.0,71.0,7.0,0.375,47.0,48.0,V,7,5,4,11
148,48.375,69.0,5.0,0.0630000000000023,48.0,48.5,I,0,1,4,4
149,48.438,67.0,3.0,0.0619999999999976,48.0,48.5,I,0,1,4,4
150,48.5,69.0,5.0,0.125,48.0,48.5,I,0,1,4,4
151,48.625,69.0,5.0,0.125,48.5,49.0,IV,5,4,4,9
152,48.75,68.0,4.0,0.875,48.5,49.0,IV,5,4,4,9
153,49.625,68.0,4.0,0.125,49.5,50.0,IV,5,4,4,9
154,49.75,69.0,5.0,0.125,49.5,50.0,IV,5,4,4,9
155,49.875,68.0,4.0,0.125,49.5,50.0,IV,5,4,4,9
156,50.0,71.0,7.0,0.375,49.5,50.0,IV,5,4,4,9
157,50.375,64.0,0.0,0.125,50.0,50.5,I,0,1,4,4
158,50.5,64.0,0.0,0.0619999999999976,50.0,50.5,I,0,1,4,4
159,50.562,64.0,0.0,0.0630000000000023,50.5,51.0,IV,5,4,4,9
160,50.625,64.0,0.0,0.125,50.5,51.0,IV,5,4,4,9
161,50.75,64.0,0.0,0.75,50.5,51.0,IV,5,4,4,9
162,51.5,68.0,4.0,0.125,51.0,51.5,I,0,1,4,4
163,51.625,69.0,5.0,0.125,51.5,52.0,IV,5,4,4,9
164,51.75,68.0,4.0,0.125,51.5,52.0,IV,5,4,4,9
165,51.875,71.0,7.0,0.5630000000000024,51.5,52.0,IV,5,4,4,9
166,52.438,67.0,3.0,0.1239999999999952,52.0,52.5,I,0,1,4,4
167,52.562,64.0,0.0,0.0630000000000023,52.5,53.0,IV,5,4,4,9
168,52.625,64.0,0.0,0.125,52.5,53.0,IV,5,4,4,9
169,52.75,64.0,0.0,0.125,52.5,53.0,IV,5,4,4,9
170,52.875,64.0,0.0,0.625,52.5,53.0,IV,5,4,4,9
171,53.5,61.0,9.0,0.125,53.0,53.5,I,0,1,4,4
172,53.625,64.0,0.0,0.125,53.5,54.0,IV,5,4,4,9
173,53.75,64.0,0.0,0.125,53.5,54.0,IV,5,4,4,9
174,53.875,68.0,4.0,0.5,53.5,54.0,IV,5,4,4,9
175,54.375,64.0,0.0,0.125,54.0,54.5,I,0,1,4,4
176,54.5,64.0,0.0,0.25,54.0,54.5,I,0,1,4,4
177,54.75,64.0,0.0,0.125,54.5,55.0,IV,5,4,4,9
178,54.875,64.0,0.0,0.375,54.5,55.0,IV,5,4,4,9
179,55.25,64.0,0.0,0.25,55.0,55.5,I,0,1,4,4
180,55.5,64.0,0.0,0.0619999999999976,55.0,55.5,I,0,1,4,4
181,55.562,64.0,0.0,0.1260000000000047,55.5,56.0,IV,5,4,4,9
182,55.688,64.0,0.0,0.6869999999999976,55.5,56.0,IV,5,4,4,9
183,56.375,68.0,4.0,0.1869999999999976,56.0,56.5,I,0,1,4,4
184,56.562,68.0,4.0,0.1880000000000024,56.5,57.0,IV,5,4,4,9
185,56.75,61.0,9.0,0.125,56.5,57.0,IV,5,4,4,9
186,56.875,64.0,0.0,0.375,56.5,57.0,IV,5,4,4,9
187,57.25,64.0,0.0,0.25,57.0,57.5,I,0,1,4,4
188,57.5,64.0,0.0,0.125,57.0,57.5,I,0,1,4,4
189,57.625,64.0,0.0,0.25,57.5,58.0,IV,5,4,4,9
190,57.875,64.0,0.0,0.75,57.5,58.0,IV,5,4,4,9
191,58.625,71.0,7.0,0.125,58.5,59.0,IV,5,4,4,9
192,58.75,69.0,5.0,0.0619999999999976,58.5,59.0,IV,5,4,4,9
193,58.812,67.0,3.0,0.0630000000000023,58.5,59.0,IV,5,4,4,9
194,58.875,67.0,3.0,0.0630000000000023,58.5,59.0,IV,5,4,4,9
195,58.938,69.0,5.0,0.1869999999999976,58.5,59.0,IV,5,4,4,9
196,59.125,67.0,3.0,0.125,59.0,59.5,I,0,1,4,4
197,59.25,64.0,0.0,0.1880000000000024,59.0,59.5,I,0,1,4,4
198,59.438,64.0,0.0,0.1869999999999976,59.0,59.5,I,0,1,4,4
199,59.625,64.0,0.0,0.0630000000000023,59.5,60.0,IV,5,4,4,9
200,59.688,64.0,0.0,0.1239999999999952,59.5,60.0,IV,5,4,4,9
201,59.812,64.0,0.0,0.5630000000000024,59.5,60.0,IV,5,4,4,9
202,60.375,64.0,0.0,0.25,60.0,60.5,I,0,1,4,4
203,60.625,61.0,9.0,0.4369999999999976,60.5,61.0,IV,5,4,4,9
204,61.062,67.0,3.0,0.0630000000000023,61.0,61.5,I,0,1,4,4
205,61.125,67.0,3.0,0.0630000000000023,61.0,61.5,I,0,1,4,4
206,61.188,67.0,3.0,0.3119999999999976,61.0,61.5,I,0,1,4,4
207,61.5,67.0,3.0,0.125,61.0,61.5,I,0,1,4,4
208,61.625,69.0,5.0,0.125,61.5,62.0,IV,5,4,4,9
209,61.75,67.0,3.0,0.125,61.5,62.0,IV,5,4,4,9
210,61.875,69.0,5.0,0.125,61.5,62.0,IV,5,4,4,9
211,62.0,67.0,3.0,0.125,61.5,62.0,IV,5,4,4,9
212,62.125,69.0,5.0,0.5,62.0,62.5,I,0,1,4,4
213,62.625,64.0,0.0,0.125,62.5,63.0,IV,5,4,4,9
214,62.75,64.0,0.0,0.125,62.5,63.0,IV,5,4,4,9
215,62.875,64.0,0.0,0.375,62.5,63.0,IV,5,4,4,9
216,63.25,64.0,0.0,0.25,63.0,63.5,I,0,1,4,4
217,63.5,64.0,0.0,0.125,63.0,63.5,I,0,1,4,4
218,63.625,64.0,0.0,0.25,63.5,64.0,IV,5,4,4,9
219,63.875,64.0,0.0,0.5,63.5,64.0,IV,5,4,4,9
220,64.375,68.0,4.0,0.5,64.0,64.5,I,0,1,4,4
221,64.875,66.0,2.0,0.125,64.5,65.0,IV,5,4,4,9
222,65.0,64.0,0.0,0.0619999999999976,64.5,65.0,IV,5,4,4,9
223,65.062,61.0,9.0,0.1880000000000024,65.0,65.5,I,0,1,4,4
224,65.25,64.0,0.0,0.125,65.0,65.5,I,0,1,4,4
225,65.375,61.0,9.0,0.125,65.0,65.5,I,0,1,4,4
226,65.5,64.0,0.0,0.125,65.0,65.5,I,0,1,4,4
227,65.625,64.0,0.0,0.25,65.5,66.0,IV,5,4,4,9
228,65.875,61.0,9.0,0.0630000000000023,65.5,66.0,IV,5,4,4,9
229,65.938,59.0,7.0,0.6869999999999976,65.5,66.0,IV,5,4,4,9
230,66.625,69.0,5.0,0.25,66.5,67.0,IV,5,4,4,9
231,66.875,69.0,5.0,0.125,66.5,67.0,IV,5,4,4,9
232,67.0,71.0,7.0,0.25,66.5,67.0,IV,5,4,4,9
233,67.25,64.0,0.0,0.125,67.0,67.5,I,0,1,4,4
234,67.375,61.0,9.0,0.125,67.0,67.5,I,0,1,4,4
235,67.5,64.0,0.0,0.125,67.0,67.5,I,0,1,4,4
236,67.625,64.0,0.0,0.125,67.5,68.0,IV,5,4,4,9
237,67.75,61.0,9.0,0.125,67.5,68.0,IV,5,4,4,9
