,time,note,scale degree,length,start,end,numeral,chromatic root,diatonic root,key,absolute root
0,9.375,64.0,0.0,0.25,9.0,11.0,I,0,1,4,4
1,9.625,66.0,2.0,0.25,9.0,11.0,I,0,1,4,4
2,9.875,64.0,0.0,0.125,9.0,11.0,I,0,1,4,4
3,10.0,59.0,7.0,0.125,9.0,11.0,I,0,1,4,4
4,10.125,59.0,7.0,0.125,9.0,11.0,I,0,1,4,4
5,10.25,61.0,9.0,0.125,9.0,11.0,I,0,1,4,4
6,10.375,61.0,9.0,0.125,9.0,11.0,I,0,1,4,4
7,10.5,63.0,11.0,0.125,9.0,11.0,I,0,1,4,4
8,10.625,63.0,11.0,0.125,9.0,11.0,I,0,1,4,4
9,10.75,64.0,0.0,0.125,9.0,11.0,I,0,1,4,4
10,10.875,64.0,0.0,0.25,9.0,11.0,I,0,1,4,4
11,11.125,61.0,9.0,0.125,11.0,12.0,IV,5,4,4,9
12,11.25,69.0,5.0,0.375,11.0,12.0,IV,5,4,4,9
13,11.625,69.0,5.0,0.25,11.0,12.0,IV,5,4,4,9
14,11.875,68.0,4.0,0.25,11.0,12.0,IV,5,4,4,9
15,12.125,68.0,4.0,0.0630000000000006,12.0,13.0,V,7,5,4,11
16,12.188,69.0,5.0,0.0619999999999993,12.0,13.0,V,7,5,4,11
17,12.25,68.0,4.0,0.125,12.0,13.0,V,7,5,4,11
18,12.375,66.0,2.0,1.0,12.0,13.0,V,7,5,4,11
19,13.375,64.0,0.0,0.25,13.0,15.0,I,0,1,4,4
20,13.625,66.0,2.0,0.25,13.0,15.0,I,0,1,4,4
21,13.875,64.0,0.0,0.125,13.0,15.0,I,0,1,4,4
22,14.0,59.0,7.0,0.25,13.0,15.0,I,0,1,4,4
23,14.25,61.0,9.0,0.125,13.0,15.0,I,0,1,4,4
24,14.375,61.0,9.0,0.125,13.0,15.0,I,0,1,4,4
25,14.5,63.0,11.0,0.25,13.0,15.0,I,0,1,4,4
26,14.75,64.0,0.0,0.125,13.0,15.0,I,0,1,4,4
27,14.875,64.0,0.0,0.125,13.0,15.0,I,0,1,4,4
28,15.0,61.0,9.0,0.125,13.0,15.0,I,0,1,4,4
29,15.125,69.0,5.0,0.25,15.0,16.0,IV,5,4,4,9
30,15.375,69.0,5.0,0.5,15.0,16.0,IV,5,4,4,9
31,15.875,68.0,4.0,0.25,15.0,16.0,IV,5,4,4,9
32,16.125,68.0,4.0,0.0629999999999988,16.0,17.0,V,7,5,4,11
33,16.188,69.0,5.0,0.0620000000000011,16.0,17.0,V,7,5,4,11
34,16.25,68.0,4.0,0.125,16.0,17.0,V,7,5,4,11
35,16.375,66.0,2.0,0.875,16.0,17.0,V,7,5,4,11
36,17.25,61.0,9.0,0.25,17.0,18.0,ii,2,2,4,6
37,17.5,71.0,7.0,0.25,17.0,18.0,ii,2,2,4,6
38,17.75,69.0,5.0,0.25,17.0,18.0,ii,2,2,4,6
39,18.0,68.0,4.0,0.25,17.0,18.0,ii,2,2,4,6
40,18.25,66.0,2.0,0.125,18.0,19.0,V,7,5,4,11
41,18.375,66.0,2.0,0.875,18.0,19.0,V,7,5,4,11
42,19.25,63.0,9.0,0.25,19.0,20.0,ii,2,2,6,8
43,19.5,73.0,7.0,0.25,19.0,20.0,ii,2,2,6,8
44,19.75,71.0,5.0,0.25,19.0,20.0,ii,2,2,6,8
45,20.0,70.0,4.0,0.25,19.0,20.0,ii,2,2,6,8
46,20.25,68.0,2.0,0.125,20.0,21.0,V,7,5,6,1
47,20.375,68.0,2.0,0.25,20.0,21.0,V,7,5,6,1
48,20.625,68.0,2.0,0.125,20.0,21.0,V,7,5,6,1
49,20.75,70.0,4.0,0.375,20.0,21.0,V,7,5,6,1
50,21.125,68.0,2.0,0.125,21.0,23.0,I,0,1,6,6
51,21.25,66.0,0.0,1.125,21.0,23.0,I,0,1,6,6
52,22.375,70.0,4.0,0.25,21.0,23.0,I,0,1,6,6
53,22.625,68.0,2.0,0.125,21.0,23.0,I,0,1,6,6
54,22.75,66.0,0.0,0.125,21.0,23.0,I,0,1,6,6
55,22.875,65.0,11.0,0.25,21.0,23.0,I,0,1,6,6
56,23.125,66.0,0.0,1.0,23.0,24.0,ii7,2,2,6,8
57,24.125,65.0,11.0,0.125,24.0,25.0,V,7,5,6,1
58,24.25,66.0,0.0,0.125,24.0,25.0,V,7,5,6,1
59,24.375,68.0,2.0,0.25,24.0,25.0,V,7,5,6,1
60,24.625,65.0,11.0,0.125,24.0,25.0,V,7,5,6,1
61,24.75,63.0,9.0,0.125,24.0,25.0,V,7,5,6,1
62,24.875,65.0,11.0,0.25,24.0,25.0,V,7,5,6,1
63,25.125,63.0,9.0,0.0629999999999988,25.0,27.0,I,0,1,6,6
64,25.188,65.0,11.0,0.0620000000000011,25.0,27.0,I,0,1,6,6
65,25.25,63.0,9.0,0.25,25.0,27.0,I,0,1,6,6
66,25.5,61.0,7.0,0.875,25.0,27.0,I,0,1,6,6
67,26.375,70.0,4.0,0.25,25.0,27.0,I,0,1,6,6
68,26.625,68.0,2.0,0.125,25.0,27.0,I,0,1,6,6
69,26.75,66.0,0.0,0.125,25.0,27.0,I,0,1,6,6
70,26.875,65.0,11.0,0.25,25.0,27.0,I,0,1,6,6
71,27.125,66.0,0.0,3.25,27.0,28.0,ii7,2,2,6,8
72,30.375,64.0,0.0,0.25,30.0,32.0,I,0,1,4,4
73,30.625,66.0,2.0,0.25,30.0,32.0,I,0,1,4,4
74,30.875,64.0,0.0,0.125,30.0,32.0,I,0,1,4,4
75,31.0,59.0,7.0,0.125,30.0,32.0,I,0,1,4,4
76,31.125,59.0,7.0,0.125,30.0,32.0,I,0,1,4,4
77,31.25,61.0,9.0,0.125,30.0,32.0,I,0,1,4,4
78,31.375,61.0,9.0,0.125,30.0,32.0,I,0,1,4,4
79,31.5,63.0,11.0,0.125,30.0,32.0,I,0,1,4,4
80,31.625,63.0,11.0,0.125,30.0,32.0,I,0,1,4,4
81,31.75,64.0,0.0,0.125,30.0,32.0,I,0,1,4,4
82,31.875,64.0,0.0,0.25,30.0,32.0,I,0,1,4,4
83,32.125,61.0,9.0,0.25,32.0,33.0,IV,5,4,4,9
84,32.375,69.0,5.0,0.25,32.0,33.0,IV,5,4,4,9
85,32.625,69.0,5.0,0.25,32.0,33.0,IV,5,4,4,9
86,32.875,68.0,4.0,0.125,32.0,33.0,IV,5,4,4,9
87,33.0,68.0,4.0,0.125,32.0,33.0,IV,5,4,4,9
88,33.125,66.0,2.0,0.25,33.0,34.0,V,7,5,4,11
89,33.375,66.0,2.0,1.0,33.0,34.0,V,7,5,4,11
90,34.375,64.0,0.0,0.25,34.0,36.0,I,0,1,4,4
91,34.625,66.0,2.0,0.25,34.0,36.0,I,0,1,4,4
92,34.875,64.0,0.0,0.125,34.0,36.0,I,0,1,4,4
93,35.0,59.0,7.0,0.25,34.0,36.0,I,0,1,4,4
94,35.25,61.0,9.0,0.25,34.0,36.0,I,0,1,4,4
95,35.5,63.0,11.0,0.125,34.0,36.0,I,0,1,4,4
96,35.625,63.0,11.0,0.125,34.0,36.0,I,0,1,4,4
97,35.75,64.0,0.0,0.125,34.0,36.0,I,0,1,4,4
98,35.875,64.0,0.0,0.25,34.0,36.0,I,0,1,4,4
99,36.125,61.0,9.0,0.25,36.0,37.0,IV,5,4,4,9
100,36.375,69.0,5.0,0.25,36.0,37.0,IV,5,4,4,9
101,36.625,69.0,5.0,0.25,36.0,37.0,IV,5,4,4,9
102,36.875,68.0,4.0,0.125,36.0,37.0,IV,5,4,4,9
103,37.0,68.0,4.0,0.25,36.0,37.0,IV,5,4,4,9
104,37.25,66.0,2.0,0.125,37.0,38.0,V,7,5,4,11
105,37.375,66.0,2.0,0.875,37.0,38.0,V,7,5,4,11
106,38.25,61.0,9.0,0.25,38.0,39.0,ii,2,2,4,6
107,38.5,71.0,7.0,0.25,38.0,39.0,ii,2,2,4,6
108,38.75,69.0,5.0,0.25,38.0,39.0,ii,2,2,4,6
109,39.0,68.0,4.0,0.25,38.0,39.0,ii,2,2,4,6
110,39.25,66.0,2.0,0.125,39.0,40.0,V,7,5,4,11
111,39.375,66.0,2.0,0.875,39.0,40.0,V,7,5,4,11
112,40.25,63.0,9.0,0.25,40.0,41.0,ii,2,2,6,8
113,40.5,73.0,7.0,0.25,40.0,41.0,ii,2,2,6,8
114,40.75,71.0,5.0,0.25,40.0,41.0,ii,2,2,6,8
115,41.0,70.0,4.0,0.25,40.0,41.0,ii,2,2,6,8
116,41.25,68.0,2.0,0.125,41.0,42.0,V,7,5,6,1
117,41.375,68.0,2.0,0.25,41.0,42.0,V,7,5,6,1
118,41.625,66.0,0.0,0.125,41.0,42.0,V,7,5,6,1
119,41.75,70.0,4.0,0.375,41.0,42.0,V,7,5,6,1
120,42.125,68.0,2.0,0.125,42.0,44.0,I,0,1,6,6
121,42.25,66.0,0.0,1.125,42.0,44.0,I,0,1,6,6
122,43.375,70.0,4.0,0.25,42.0,44.0,I,0,1,6,6
123,43.625,68.0,2.0,0.125,42.0,44.0,I,0,1,6,6
124,43.75,66.0,0.0,0.125,42.0,44.0,I,0,1,6,6
125,43.875,65.0,11.0,0.25,42.0,44.0,I,0,1,6,6
126,44.125,66.0,0.0,1.0,44.0,45.0,ii7,2,2,6,8
127,45.125,65.0,11.0,0.125,45.0,46.0,V,7,5,6,1
128,45.25,66.0,0.0,0.125,45.0,46.0,V,7,5,6,1
129,45.375,68.0,2.0,0.25,45.0,46.0,V,7,5,6,1
130,45.625,65.0,11.0,0.125,45.0,46.0,V,7,5,6,1
131,45.75,63.0,9.0,0.125,45.0,46.0,V,7,5,6,1
132,45.875,65.0,11.0,0.25,45.0,46.0,V,7,5,6,1
133,46.125,63.0,9.0,0.0630000000000023,46.0,48.0,I,0,1,6,6
134,46.188,65.0,11.0,0.0619999999999976,46.0,48.0,I,0,1,6,6
135,46.25,63.0,9.0,0.25,46.0,48.0,I,0,1,6,6
136,46.5,61.0,7.0,0.875,46.0,48.0,I,0,1,6,6
137,47.375,70.0,4.0,0.25,46.0,48.0,I,0,1,6,6
138,47.625,68.0,2.0,0.125,46.0,48.0,I,0,1,6,6
139,47.75,66.0,0.0,0.125,46.0,48.0,I,0,1,6,6
140,47.875,65.0,11.0,0.25,46.0,48.0,I,0,1,6,6
141,48.125,66.0,0.0,11.25,48.0,49.0,ii7,2,2,6,8
142,59.375,64.0,0.0,0.25,59.0,61.0,I,0,1,4,4
143,59.625,66.0,2.0,0.25,59.0,61.0,I,0,1,4,4
144,59.875,64.0,0.0,0.125,59.0,61.0,I,0,1,4,4
145,60.0,59.0,7.0,0.125,59.0,61.0,I,0,1,4,4
146,60.125,59.0,7.0,0.125,59.0,61.0,I,0,1,4,4
147,60.25,61.0,9.0,0.125,59.0,61.0,I,0,1,4,4
148,60.375,61.0,9.0,0.125,59.0,61.0,I,0,1,4,4
149,60.5,63.0,11.0,0.125,59.0,61.0,I,0,1,4,4
150,60.625,63.0,11.0,0.125,59.0,61.0,I,0,1,4,4
151,60.75,64.0,0.0,0.125,59.0,61.0,I,0,1,4,4
152,60.875,64.0,0.0,0.25,59.0,61.0,I,0,1,4,4
153,61.125,61.0,9.0,0.25,61.0,62.0,IV,5,4,4,9
154,61.375,69.0,5.0,0.125,61.0,62.0,IV,5,4,4,9
155,61.5,69.0,5.0,0.375,61.0,62.0,IV,5,4,4,9
156,61.875,68.0,4.0,0.25,61.0,62.0,IV,5,4,4,9
157,62.125,68.0,4.0,0.125,62.0,63.0,V,7,5,4,11
158,62.25,66.0,2.0,0.125,62.0,63.0,V,7,5,4,11
159,62.375,66.0,2.0,1.0,62.0,63.0,V,7,5,4,11
160,63.375,64.0,0.0,0.25,63.0,65.0,I,0,1,4,4
161,63.625,66.0,2.0,0.25,63.0,65.0,I,0,1,4,4
162,63.875,64.0,0.0,0.125,63.0,65.0,I,0,1,4,4
163,64.0,59.0,7.0,0.125,63.0,65.0,I,0,1,4,4
164,64.125,59.0,7.0,0.125,63.0,65.0,I,0,1,4,4
165,64.25,61.0,9.0,0.125,63.0,65.0,I,0,1,4,4
166,64.375,61.0,9.0,0.125,63.0,65.0,I,0,1,4,4
167,64.5,63.0,11.0,0.125,63.0,65.0,I,0,1,4,4
168,64.625,63.0,11.0,0.125,63.0,65.0,I,0,1,4,4
169,64.75,64.0,0.0,0.125,63.0,65.0,I,0,1,4,4
170,64.875,64.0,0.0,0.25,63.0,65.0,I,0,1,4,4
171,65.125,61.0,9.0,0.25,65.0,66.0,IV,5,4,4,9
172,65.375,69.0,5.0,0.25,65.0,66.0,IV,5,4,4,9
173,65.625,69.0,5.0,0.25,65.0,66.0,IV,5,4,4,9
174,65.875,68.0,4.0,0.25,65.0,66.0,IV,5,4,4,9
175,66.125,68.0,4.0,0.125,66.0,67.0,V,7,5,4,11
176,66.25,66.0,2.0,0.125,66.0,67.0,V,7,5,4,11
177,66.375,66.0,2.0,0.875,66.0,67.0,V,7,5,4,11
178,67.25,61.0,9.0,0.25,67.0,68.0,ii,2,2,4,6
179,67.5,71.0,7.0,0.25,67.0,68.0,ii,2,2,4,6
180,67.75,69.0,5.0,0.25,67.0,68.0,ii,2,2,4,6
181,68.0,68.0,4.0,0.25,67.0,68.0,ii,2,2,4,6
182,68.25,66.0,2.0,0.125,68.0,69.0,V,7,5,4,11
183,68.375,66.0,2.0,0.875,68.0,69.0,V,7,5,4,11
184,69.25,63.0,9.0,0.25,69.0,70.0,ii,2,2,6,8
185,69.5,73.0,7.0,0.25,69.0,70.0,ii,2,2,6,8
186,69.75,71.0,5.0,0.25,69.0,70.0,ii,2,2,6,8
187,70.0,70.0,4.0,0.25,69.0,70.0,ii,2,2,6,8
188,70.25,68.0,2.0,0.125,70.0,71.0,V,7,5,6,1
189,70.375,68.0,2.0,0.25,70.0,71.0,V,7,5,6,1
190,70.625,66.0,0.0,0.125,70.0,71.0,V,7,5,6,1
191,70.75,70.0,4.0,0.375,70.0,71.0,V,7,5,6,1
192,71.125,68.0,2.0,0.125,71.0,73.0,I,0,1,6,6
193,71.25,66.0,0.0,1.125,71.0,73.0,I,0,1,6,6
194,72.375,70.0,4.0,0.25,71.0,73.0,I,0,1,6,6
195,72.625,68.0,2.0,0.125,71.0,73.0,I,0,1,6,6
196,72.75,66.0,0.0,0.125,71.0,73.0,I,0,1,6,6
197,72.875,65.0,11.0,0.25,71.0,73.0,I,0,1,6,6
198,73.125,66.0,0.0,1.0,73.0,74.0,ii7,2,2,6,8
199,74.125,65.0,11.0,0.125,74.0,75.0,V,7,5,6,1
200,74.25,66.0,0.0,0.125,74.0,75.0,V,7,5,6,1
201,74.375,68.0,2.0,0.25,74.0,75.0,V,7,5,6,1
202,74.625,65.0,11.0,0.125,74.0,75.0,V,7,5,6,1
203,74.75,63.0,9.0,0.125,74.0,75.0,V,7,5,6,1
204,74.875,65.0,11.0,0.25,74.0,75.0,V,7,5,6,1
205,75.125,63.0,9.0,0.0630000000000023,75.0,77.0,I,0,1,6,6
206,75.188,65.0,11.0,0.0619999999999976,75.0,77.0,I,0,1,6,6
207,75.25,63.0,9.0,0.25,75.0,77.0,I,0,1,6,6
208,75.5,61.0,7.0,0.875,75.0,77.0,I,0,1,6,6
209,76.375,70.0,4.0,0.25,75.0,77.0,I,0,1,6,6
210,76.625,68.0,2.0,0.125,75.0,77.0,I,0,1,6,6
211,76.75,66.0,0.0,0.125,75.0,77.0,I,0,1,6,6
212,76.875,65.0,11.0,0.25,75.0,77.0,I,0,1,6,6
213,77.125,66.0,0.0,1.0,77.0,78.0,ii7,2,2,6,8
214,78.125,65.0,11.0,0.125,78.0,79.0,V,7,5,6,1
215,78.25,66.0,0.0,0.125,78.0,79.0,V,7,5,6,1
216,78.375,68.0,2.0,0.25,78.0,79.0,V,7,5,6,1
217,78.625,65.0,11.0,0.125,78.0,79.0,V,7,5,6,1
218,78.75,63.0,9.0,0.125,78.0,79.0,V,7,5,6,1
219,78.875,65.0,11.0,0.25,78.0,79.0,V,7,5,6,1
220,79.125,63.0,9.0,0.0630000000000023,79.0,81.0,I,0,1,6,6
221,79.188,65.0,11.0,0.0619999999999976,79.0,81.0,I,0,1,6,6
222,79.25,63.0,9.0,0.25,79.0,81.0,I,0,1,6,6
223,79.5,61.0,7.0,0.875,79.0,81.0,I,0,1,6,6
224,80.375,70.0,4.0,0.25,79.0,81.0,I,0,1,6,6
225,80.625,68.0,2.0,0.125,79.0,81.0,I,0,1,6,6
226,80.75,66.0,0.0,0.125,79.0,81.0,I,0,1,6,6
227,80.875,68.0,2.0,0.25,79.0,81.0,I,0,1,6,6
228,81.125,63.0,9.0,1.25,81.0,82.0,ii7,2,2,6,8
229,82.375,65.0,11.0,0.25,82.0,83.0,V,7,5,6,1
230,82.625,66.0,0.0,0.125,82.0,83.0,V,7,5,6,1
