,time,note,scale degree,length,start,end,numeral,chromatic root,diatonic root,key,absolute root
0,2.375,53.0,0.0,0.125,0.0,5.0,I,0,1,5,5
1,2.5,55.0,2.0,0.125,0.0,5.0,I,0,1,5,5
2,2.625,57.0,4.0,0.25,0.0,5.0,I,0,1,5,5
3,2.875,55.0,2.0,0.5,0.0,5.0,I,0,1,5,5
4,3.375,53.0,0.0,0.125,0.0,5.0,I,0,1,5,5
5,3.5,55.0,2.0,0.125,0.0,5.0,I,0,1,5,5
6,3.625,57.0,4.0,0.25,0.0,5.0,I,0,1,5,5
7,3.875,57.0,4.0,0.125,0.0,5.0,I,0,1,5,5
8,4.0,58.0,5.0,0.375,0.0,5.0,I,0,1,5,5
9,4.375,57.0,4.0,0.125,0.0,5.0,I,0,1,5,5
10,4.5,55.0,2.0,0.25,0.0,5.0,I,0,1,5,5
11,4.75,55.0,2.0,1.625,0.0,5.0,I,0,1,5,5
12,6.375,58.0,5.0,0.125,6.0,9.0,IV,5,4,5,10
13,6.5,60.0,7.0,0.125,6.0,9.0,IV,5,4,5,10
14,6.625,62.0,9.0,0.25,6.0,9.0,IV,5,4,5,10
15,6.875,60.0,7.0,0.5,6.0,9.0,IV,5,4,5,10
16,7.375,58.0,5.0,0.125,6.0,9.0,IV,5,4,5,10
17,7.5,60.0,7.0,0.125,6.0,9.0,IV,5,4,5,10
18,7.625,62.0,9.0,0.25,6.0,9.0,IV,5,4,5,10
19,7.875,65.0,0.0,0.125,6.0,9.0,IV,5,4,5,10
20,8.0,58.0,5.0,0.375,6.0,9.0,IV,5,4,5,10
21,8.375,60.0,7.0,0.125,6.0,9.0,IV,5,4,5,10
22,8.5,60.0,7.0,0.125,6.0,9.0,IV,5,4,5,10
23,8.625,62.0,9.0,0.125,6.0,9.0,IV,5,4,5,10
24,8.75,60.0,7.0,1.625,6.0,9.0,IV,5,4,5,10
25,10.375,53.0,0.0,0.125,9.0,13.0,I,0,1,5,5
26,10.5,55.0,2.0,0.125,9.0,13.0,I,0,1,5,5
27,10.625,57.0,4.0,0.25,9.0,13.0,I,0,1,5,5
28,10.875,55.0,2.0,0.5,9.0,13.0,I,0,1,5,5
29,11.375,53.0,0.0,0.125,9.0,13.0,I,0,1,5,5
30,11.5,55.0,2.0,0.125,9.0,13.0,I,0,1,5,5
31,11.625,57.0,4.0,0.25,9.0,13.0,I,0,1,5,5
32,11.875,57.0,4.0,0.125,9.0,13.0,I,0,1,5,5
33,12.0,58.0,5.0,0.375,9.0,13.0,I,0,1,5,5
34,12.375,57.0,4.0,0.125,9.0,13.0,I,0,1,5,5
35,12.5,55.0,2.0,0.125,9.0,13.0,I,0,1,5,5
36,12.625,55.0,2.0,0.25,9.0,13.0,I,0,1,5,5
37,12.875,55.0,2.0,1.5,9.0,13.0,I,0,1,5,5
38,14.375,58.0,5.0,0.125,14.0,17.0,IV,5,4,5,10
39,14.5,60.0,7.0,0.125,14.0,17.0,IV,5,4,5,10
40,14.625,62.0,9.0,0.25,14.0,17.0,IV,5,4,5,10
41,14.875,60.0,7.0,0.5,14.0,17.0,IV,5,4,5,10
42,15.375,58.0,5.0,0.125,14.0,17.0,IV,5,4,5,10
43,15.5,60.0,7.0,0.125,14.0,17.0,IV,5,4,5,10
44,15.625,62.0,9.0,0.25,14.0,17.0,IV,5,4,5,10
45,15.875,65.0,0.0,0.125,14.0,17.0,IV,5,4,5,10
46,16.0,58.0,5.0,0.125,14.0,17.0,IV,5,4,5,10
47,16.125,58.0,5.0,0.25,14.0,17.0,IV,5,4,5,10
48,16.375,60.0,7.0,0.25,14.0,17.0,IV,5,4,5,10
49,16.625,62.0,9.0,0.125,14.0,17.0,IV,5,4,5,10
50,16.75,60.0,7.0,1.875,14.0,17.0,IV,5,4,5,10
51,18.625,69.0,4.0,0.125,18.0,19.0,vi,9,6,5,2
52,18.75,67.0,2.0,0.125,18.0,19.0,vi,9,6,5,2
53,18.875,69.0,4.0,0.25,18.0,19.0,vi,9,6,5,2
54,19.125,72.0,7.0,0.25,19.0,20.0,IV,5,4,5,10
55,19.375,65.0,0.0,0.25,19.0,20.0,IV,5,4,5,10
56,19.625,65.0,0.0,0.125,19.0,20.0,IV,5,4,5,10
57,19.75,67.0,2.0,1.125,19.0,20.0,IV,5,4,5,10
58,20.875,70.0,5.0,0.25,20.0,22.0,V,7,5,5,0
59,21.125,67.0,2.0,0.125,20.0,22.0,V,7,5,5,0
60,21.25,65.0,0.0,0.125,20.0,22.0,V,7,5,5,0
61,21.375,64.0,11.0,0.25,20.0,22.0,V,7,5,5,0
62,21.625,65.0,0.0,0.25,20.0,22.0,V,7,5,5,0
63,21.875,64.0,11.0,0.125,20.0,22.0,V,7,5,5,0
64,22.0,62.0,9.0,0.625,20.0,22.0,V,7,5,5,0
65,22.625,69.0,4.0,0.125,22.0,23.0,vi,9,6,5,2
66,22.75,67.0,2.0,0.125,22.0,23.0,vi,9,6,5,2
67,22.875,69.0,4.0,0.25,22.0,23.0,vi,9,6,5,2
68,23.125,72.0,7.0,0.25,23.0,24.0,IV,5,4,5,10
69,23.375,65.0,0.0,0.25,23.0,24.0,IV,5,4,5,10
70,23.625,65.0,0.0,0.125,23.0,24.0,IV,5,4,5,10
71,23.75,67.0,2.0,0.5,23.0,24.0,IV,5,4,5,10
72,24.25,65.0,0.0,0.125,24.0,26.0,V,7,5,5,0
73,24.375,67.0,2.0,0.125,24.0,26.0,V,7,5,5,0
74,24.5,65.0,0.0,0.125,24.0,26.0,V,7,5,5,0
75,24.625,69.0,4.0,0.25,24.0,26.0,V,7,5,5,0
76,24.875,67.0,2.0,1.75,24.0,26.0,V,7,5,5,0
77,26.625,69.0,4.0,0.125,26.0,27.0,vi,9,6,5,2
78,26.75,67.0,2.0,0.125,26.0,27.0,vi,9,6,5,2
79,26.875,69.0,4.0,0.25,26.0,27.0,vi,9,6,5,2
80,27.125,72.0,7.0,0.25,27.0,28.0,IV,5,4,5,10
81,27.375,65.0,0.0,0.25,27.0,28.0,IV,5,4,5,10
82,27.625,65.0,0.0,0.125,27.0,28.0,IV,5,4,5,10
83,27.75,67.0,2.0,1.125,27.0,28.0,IV,5,4,5,10
84,28.875,70.0,5.0,0.25,28.0,30.0,V,7,5,5,0
85,29.125,67.0,2.0,0.125,28.0,30.0,V,7,5,5,0
86,29.25,65.0,0.0,0.125,28.0,30.0,V,7,5,5,0
87,29.375,64.0,11.0,0.25,28.0,30.0,V,7,5,5,0
88,29.625,65.0,0.0,0.75,28.0,30.0,V,7,5,5,0
89,30.375,53.0,0.0,0.125,30.0,33.0,I,0,1,5,5
90,30.5,55.0,2.0,0.125,30.0,33.0,I,0,1,5,5
91,30.625,57.0,4.0,0.25,30.0,33.0,I,0,1,5,5
92,30.875,55.0,2.0,1.125,30.0,33.0,I,0,1,5,5
93,32.0,58.0,5.0,0.125,30.0,33.0,I,0,1,5,5
94,32.125,58.0,5.0,0.125,30.0,33.0,I,0,1,5,5
95,32.25,58.0,5.0,0.125,30.0,33.0,I,0,1,5,5
96,32.375,57.0,4.0,0.125,30.0,33.0,I,0,1,5,5
97,32.5,55.0,2.0,0.375,30.0,33.0,I,0,1,5,5
98,32.875,55.0,2.0,1.5,30.0,33.0,I,0,1,5,5
99,34.375,58.0,5.0,0.125,34.0,37.0,IV,5,4,5,10
100,34.5,60.0,7.0,0.125,34.0,37.0,IV,5,4,5,10
101,34.625,62.0,9.0,0.25,34.0,37.0,IV,5,4,5,10
102,34.875,60.0,7.0,0.5,34.0,37.0,IV,5,4,5,10
103,35.375,58.0,5.0,0.125,34.0,37.0,IV,5,4,5,10
104,35.5,60.0,7.0,0.125,34.0,37.0,IV,5,4,5,10
105,35.625,62.0,9.0,0.25,34.0,37.0,IV,5,4,5,10
106,35.875,65.0,0.0,0.25,34.0,37.0,IV,5,4,5,10
107,36.125,58.0,5.0,0.25,34.0,37.0,IV,5,4,5,10
108,36.375,60.0,7.0,0.125,34.0,37.0,IV,5,4,5,10
109,36.5,60.0,7.0,0.125,34.0,37.0,IV,5,4,5,10
110,36.625,62.0,9.0,0.125,34.0,37.0,IV,5,4,5,10
111,36.75,60.0,7.0,1.625,34.0,37.0,IV,5,4,5,10
112,38.375,53.0,0.0,0.125,37.0,41.0,I,0,1,5,5
113,38.5,55.0,2.0,0.125,37.0,41.0,I,0,1,5,5
114,38.625,57.0,4.0,0.25,37.0,41.0,I,0,1,5,5
115,38.875,55.0,2.0,0.5,37.0,41.0,I,0,1,5,5
116,39.375,53.0,0.0,0.125,37.0,41.0,I,0,1,5,5
117,39.5,55.0,2.0,0.125,37.0,41.0,I,0,1,5,5
118,39.625,57.0,4.0,0.25,37.0,41.0,I,0,1,5,5
119,39.875,57.0,4.0,0.125,37.0,41.0,I,0,1,5,5
120,40.0,58.0,5.0,0.375,37.0,41.0,I,0,1,5,5
121,40.375,57.0,4.0,0.125,37.0,41.0,I,0,1,5,5
122,40.5,55.0,2.0,0.125,37.0,41.0,I,0,1,5,5
123,40.625,55.0,2.0,0.25,37.0,41.0,I,0,1,5,5
124,40.875,55.0,2.0,1.5,37.0,41.0,I,0,1,5,5
125,42.375,58.0,5.0,0.125,42.0,45.0,IV,5,4,5,10
126,42.5,60.0,7.0,0.125,42.0,45.0,IV,5,4,5,10
127,42.625,62.0,9.0,0.25,42.0,45.0,IV,5,4,5,10
128,42.875,60.0,7.0,0.5,42.0,45.0,IV,5,4,5,10
129,43.375,58.0,5.0,0.125,42.0,45.0,IV,5,4,5,10
130,43.5,60.0,7.0,0.125,42.0,45.0,IV,5,4,5,10
131,43.625,62.0,9.0,0.25,42.0,45.0,IV,5,4,5,10
132,43.875,65.0,0.0,0.125,42.0,45.0,IV,5,4,5,10
133,44.0,58.0,5.0,0.125,42.0,45.0,IV,5,4,5,10
134,44.125,58.0,5.0,0.25,42.0,45.0,IV,5,4,5,10
135,44.375,60.0,7.0,0.25,42.0,45.0,IV,5,4,5,10
136,44.625,62.0,9.0,0.125,42.0,45.0,IV,5,4,5,10
137,44.75,60.0,7.0,1.875,42.0,45.0,IV,5,4,5,10
138,46.625,69.0,4.0,0.125,46.0,47.0,vi,9,6,5,2
139,46.75,67.0,2.0,0.125,46.0,47.0,vi,9,6,5,2
140,46.875,69.0,4.0,0.25,46.0,47.0,vi,9,6,5,2
141,47.125,72.0,7.0,0.25,47.0,48.0,IV,5,4,5,10
142,47.375,65.0,0.0,0.25,47.0,48.0,IV,5,4,5,10
143,47.625,65.0,0.0,0.125,47.0,48.0,IV,5,4,5,10
144,47.75,67.0,2.0,1.125,47.0,48.0,IV,5,4,5,10
145,48.875,70.0,5.0,0.25,48.0,50.0,V,7,5,5,0
146,49.125,67.0,2.0,0.125,48.0,50.0,V,7,5,5,0
147,49.25,65.0,0.0,0.125,48.0,50.0,V,7,5,5,0
148,49.375,64.0,11.0,0.25,48.0,50.0,V,7,5,5,0
149,49.625,65.0,0.0,0.25,48.0,50.0,V,7,5,5,0
150,49.875,64.0,11.0,0.125,48.0,50.0,V,7,5,5,0
151,50.0,62.0,9.0,0.625,48.0,50.0,V,7,5,5,0
152,50.625,69.0,4.0,0.125,50.0,51.0,vi,9,6,5,2
153,50.75,67.0,2.0,0.125,50.0,51.0,vi,9,6,5,2
154,50.875,69.0,4.0,0.25,50.0,51.0,vi,9,6,5,2
155,51.125,72.0,7.0,0.25,51.0,52.0,IV,5,4,5,10
156,51.375,65.0,0.0,0.25,51.0,52.0,IV,5,4,5,10
157,51.625,65.0,0.0,0.125,51.0,52.0,IV,5,4,5,10
158,51.75,67.0,2.0,0.5,51.0,52.0,IV,5,4,5,10
159,52.25,65.0,0.0,0.125,52.0,54.0,V,7,5,5,0
160,52.375,67.0,2.0,0.125,52.0,54.0,V,7,5,5,0
161,52.5,65.0,0.0,0.125,52.0,54.0,V,7,5,5,0
162,52.625,69.0,4.0,0.25,52.0,54.0,V,7,5,5,0
163,52.875,67.0,2.0,1.75,52.0,54.0,V,7,5,5,0
164,54.625,69.0,4.0,0.125,54.0,55.0,vi,9,6,5,2
165,54.75,67.0,2.0,0.125,54.0,55.0,vi,9,6,5,2
166,54.875,69.0,4.0,0.25,54.0,55.0,vi,9,6,5,2
167,55.125,72.0,7.0,0.25,55.0,56.0,IV,5,4,5,10
168,55.375,65.0,0.0,0.25,55.0,56.0,IV,5,4,5,10
169,55.625,65.0,0.0,0.125,55.0,56.0,IV,5,4,5,10
170,55.75,67.0,2.0,1.125,55.0,56.0,IV,5,4,5,10
171,56.875,70.0,5.0,0.25,56.0,58.0,V,7,5,5,0
172,57.125,67.0,2.0,0.125,56.0,58.0,V,7,5,5,0
173,57.25,65.0,0.0,0.125,56.0,58.0,V,7,5,5,0
174,57.375,64.0,11.0,0.25,56.0,58.0,V,7,5,5,0
175,57.625,65.0,0.0,17.0,56.0,58.0,V,7,5,5,0
176,74.625,69.0,4.0,0.125,74.0,75.0,vi,9,6,5,2
177,74.75,67.0,2.0,0.125,74.0,75.0,vi,9,6,5,2
178,74.875,69.0,4.0,0.25,74.0,75.0,vi,9,6,5,2
179,75.125,72.0,7.0,0.25,75.0,76.0,IV,5,4,5,10
180,75.375,65.0,0.0,0.25,75.0,76.0,IV,5,4,5,10
181,75.625,65.0,0.0,0.125,75.0,76.0,IV,5,4,5,10
182,75.75,67.0,2.0,1.125,75.0,76.0,IV,5,4,5,10
183,76.875,70.0,5.0,0.25,76.0,78.0,V,7,5,5,0
184,77.125,67.0,2.0,0.125,76.0,78.0,V,7,5,5,0
185,77.25,65.0,0.0,0.125,76.0,78.0,V,7,5,5,0
186,77.375,64.0,11.0,0.25,76.0,78.0,V,7,5,5,0
187,77.625,65.0,0.0,0.25,76.0,78.0,V,7,5,5,0
188,77.875,64.0,11.0,0.125,76.0,78.0,V,7,5,5,0
189,78.0,62.0,9.0,0.625,76.0,78.0,V,7,5,5,0
190,78.625,69.0,4.0,0.125,78.0,79.0,vi,9,6,5,2
191,78.75,67.0,2.0,0.125,78.0,79.0,vi,9,6,5,2
192,78.875,69.0,4.0,0.25,78.0,79.0,vi,9,6,5,2
193,79.125,72.0,7.0,0.25,79.0,80.0,IV,5,4,5,10
194,79.375,65.0,0.0,0.25,79.0,80.0,IV,5,4,5,10
195,79.625,65.0,0.0,0.125,79.0,80.0,IV,5,4,5,10
196,79.75,67.0,2.0,0.5,79.0,80.0,IV,5,4,5,10
197,80.25,65.0,0.0,0.125,80.0,82.0,V,7,5,5,0
198,80.375,67.0,2.0,0.125,80.0,82.0,V,7,5,5,0
199,80.5,65.0,0.0,0.125,80.0,82.0,V,7,5,5,0
200,80.625,69.0,4.0,0.25,80.0,82.0,V,7,5,5,0
201,80.875,67.0,2.0,0.25,80.0,82.0,V,7,5,5,0
202,81.125,65.0,0.0,0.125,80.0,82.0,V,7,5,5,0
203,81.25,67.0,2.0,0.125,80.0,82.0,V,7,5,5,0
204,81.375,65.0,0.0,0.125,80.0,82.0,V,7,5,5,0
205,81.5,69.0,4.0,0.25,80.0,82.0,V,7,5,5,0
206,81.75,67.0,2.0,0.125,80.0,82.0,V,7,5,5,0
207,81.875,65.0,0.0,0.125,80.0,82.0,V,7,5,5,0
208,82.0,65.0,0.0,0.125,80.0,82.0,V,7,5,5,0
209,82.125,62.0,9.0,0.125,82.0,83.0,vi,9,6,5,2
210,82.25,60.0,7.0,0.375,82.0,83.0,vi,9,6,5,2
211,82.625,69.0,4.0,0.125,82.0,83.0,vi,9,6,5,2
212,82.75,67.0,2.0,0.125,82.0,83.0,vi,9,6,5,2
213,82.875,69.0,4.0,0.25,82.0,83.0,vi,9,6,5,2
214,83.125,72.0,7.0,0.25,83.0,84.0,IV,5,4,5,10
215,83.375,65.0,0.0,0.25,83.0,84.0,IV,5,4,5,10
216,83.625,65.0,0.0,0.125,83.0,84.0,IV,5,4,5,10
217,83.75,67.0,2.0,1.125,83.0,84.0,IV,5,4,5,10
218,84.875,70.0,5.0,0.25,84.0,86.0,V,7,5,5,0
219,85.125,67.0,2.0,0.125,84.0,86.0,V,7,5,5,0
220,85.25,65.0,0.0,0.125,84.0,86.0,V,7,5,5,0
221,85.375,64.0,11.0,0.25,84.0,86.0,V,7,5,5,0
222,85.625,65.0,0.0,0.25,84.0,86.0,V,7,5,5,0
223,85.875,64.0,11.0,0.125,84.0,86.0,V,7,5,5,0
224,86.0,62.0,9.0,0.625,84.0,86.0,V,7,5,5,0
225,86.625,69.0,4.0,0.125,86.0,87.0,vi,9,6,5,2
226,86.75,67.0,2.0,0.125,86.0,87.0,vi,9,6,5,2
227,86.875,69.0,4.0,0.25,86.0,87.0,vi,9,6,5,2
228,87.125,72.0,7.0,0.25,87.0,88.0,IV,5,4,5,10
229,87.375,65.0,0.0,0.25,87.0,88.0,IV,5,4,5,10
230,87.625,65.0,0.0,0.125,87.0,88.0,IV,5,4,5,10
231,87.75,67.0,2.0,0.5,87.0,88.0,IV,5,4,5,10
232,88.25,65.0,0.0,0.125,88.0,90.0,V,7,5,5,0
233,88.375,67.0,2.0,0.125,88.0,90.0,V,7,5,5,0
234,88.5,65.0,0.0,0.125,88.0,90.0,V,7,5,5,0
235,88.625,69.0,4.0,0.25,88.0,90.0,V,7,5,5,0
236,88.875,67.0,2.0,21.75,88.0,90.0,V,7,5,5,0
237,110.625,69.0,4.0,0.125,110.0,111.0,vi,9,6,5,2
238,110.75,67.0,2.0,0.125,110.0,111.0,vi,9,6,5,2
239,110.875,69.0,4.0,0.25,110.0,111.0,vi,9,6,5,2
240,111.125,72.0,7.0,0.25,111.0,112.0,IV,5,4,5,10
241,111.375,65.0,0.0,0.25,111.0,112.0,IV,5,4,5,10
242,111.625,65.0,0.0,0.125,111.0,112.0,IV,5,4,5,10
243,111.75,67.0,2.0,2.875,111.0,112.0,IV,5,4,5,10
244,114.625,69.0,4.0,0.125,114.0,115.0,vi,9,6,5,2
245,114.75,67.0,2.0,0.125,114.0,115.0,vi,9,6,5,2
246,114.875,69.0,4.0,0.25,114.0,115.0,vi,9,6,5,2
247,115.125,72.0,7.0,0.25,115.0,116.0,IV,5,4,5,10
248,115.375,65.0,0.0,0.25,115.0,116.0,IV,5,4,5,10
249,115.625,65.0,0.0,0.125,115.0,116.0,IV,5,4,5,10
250,115.75,67.0,2.0,0.5,115.0,116.0,IV,5,4,5,10
251,116.25,65.0,0.0,0.125,116.0,118.0,V,7,5,5,0
252,116.375,67.0,2.0,0.125,116.0,118.0,V,7,5,5,0
253,116.5,65.0,0.0,0.125,116.0,118.0,V,7,5,5,0
254,116.625,69.0,4.0,0.25,116.0,118.0,V,7,5,5,0
255,116.875,67.0,2.0,1.75,116.0,118.0,V,7,5,5,0
256,118.625,69.0,4.0,0.125,118.0,119.0,vi,9,6,5,2
257,118.75,67.0,2.0,0.125,118.0,119.0,vi,9,6,5,2
258,118.875,69.0,4.0,0.25,118.0,119.0,vi,9,6,5,2
259,119.125,72.0,7.0,0.25,119.0,120.0,IV,5,4,5,10
260,119.375,65.0,0.0,0.25,119.0,120.0,IV,5,4,5,10
261,119.625,65.0,0.0,0.125,119.0,120.0,IV,5,4,5,10
