,time,note,scale degree,length,start,end,numeral,chromatic root,diatonic root,key,absolute root
0,16.0,64.0,7.0,0.5,15.0,25.0,I,0,1,9,9
1,16.5,64.0,7.0,0.75,15.0,25.0,I,0,1,9,9
2,17.25,64.0,7.0,0.25,15.0,25.0,I,0,1,9,9
3,17.5,64.0,7.0,0.5,15.0,25.0,I,0,1,9,9
4,18.0,64.0,7.0,0.5,15.0,25.0,I,0,1,9,9
5,18.5,64.0,7.0,0.75,15.0,25.0,I,0,1,9,9
6,19.25,64.0,7.0,0.25,15.0,25.0,I,0,1,9,9
7,19.5,64.0,7.0,0.5,15.0,25.0,I,0,1,9,9
8,20.0,64.0,7.0,0.5,15.0,25.0,I,0,1,9,9
9,20.5,64.0,7.0,0.75,15.0,25.0,I,0,1,9,9
10,21.25,64.0,7.0,0.25,15.0,25.0,I,0,1,9,9
11,21.5,64.0,7.0,0.5,15.0,25.0,I,0,1,9,9
12,22.0,64.0,7.0,0.5,15.0,25.0,I,0,1,9,9
13,22.5,64.0,7.0,0.75,15.0,25.0,I,0,1,9,9
14,23.25,64.0,7.0,0.25,15.0,25.0,I,0,1,9,9
15,23.5,64.0,7.0,0.375,15.0,25.0,I,0,1,9,9
16,23.875,61.0,4.0,0.125,15.0,25.0,I,0,1,9,9
17,24.0,64.0,7.0,0.125,15.0,25.0,I,0,1,9,9
18,24.125,64.0,7.0,0.125,15.0,25.0,I,0,1,9,9
19,24.25,64.0,7.0,0.125,15.0,25.0,I,0,1,9,9
20,24.375,64.0,7.0,0.125,15.0,25.0,I,0,1,9,9
21,24.5,61.0,4.0,0.25,15.0,25.0,I,0,1,9,9
22,24.75,64.0,7.0,1.125,15.0,25.0,I,0,1,9,9
23,25.875,61.0,4.0,0.125,25.5,26.0,V,7,5,9,4
24,26.0,64.0,7.0,0.125,25.5,26.0,V,7,5,9,4
25,26.125,64.0,7.0,0.125,26.0,27.0,I,0,1,9,9
26,26.25,64.0,7.0,0.125,26.0,27.0,I,0,1,9,9
27,26.375,64.0,7.0,0.125,26.0,27.0,I,0,1,9,9
28,26.5,61.0,4.0,0.25,26.0,27.0,I,0,1,9,9
29,26.75,64.0,7.0,1.125,26.0,27.0,I,0,1,9,9
30,27.875,61.0,4.0,0.125,27.5,28.0,V,7,5,9,4
31,28.0,64.0,7.0,0.125,27.5,28.0,V,7,5,9,4
32,28.125,64.0,7.0,0.125,28.0,29.0,I,0,1,9,9
33,28.25,64.0,7.0,0.125,28.0,29.0,I,0,1,9,9
34,28.375,61.0,4.0,0.125,28.0,29.0,I,0,1,9,9
35,28.5,61.0,4.0,0.25,28.0,29.0,I,0,1,9,9
36,28.75,57.0,0.0,0.75,28.0,29.0,I,0,1,9,9
37,29.5,64.0,7.0,0.25,29.0,29.5,IV,5,4,9,2
38,29.75,64.0,7.0,0.25,29.5,30.0,V,7,5,9,4
39,30.0,61.0,4.0,1.875,29.5,30.0,V,7,5,9,4
40,31.875,61.0,4.0,0.125,31.0,33.0,I,0,1,9,9
41,32.0,64.0,7.0,0.125,31.0,33.0,I,0,1,9,9
42,32.125,64.0,7.0,0.125,31.0,33.0,I,0,1,9,9
43,32.25,64.0,7.0,0.125,31.0,33.0,I,0,1,9,9
44,32.375,64.0,7.0,0.125,31.0,33.0,I,0,1,9,9
45,32.5,61.0,4.0,0.25,31.0,33.0,I,0,1,9,9
46,32.75,64.0,7.0,1.125,31.0,33.0,I,0,1,9,9
47,33.875,61.0,4.0,0.125,33.5,34.0,V,7,5,9,4
48,34.0,64.0,7.0,0.125,33.5,34.0,V,7,5,9,4
49,34.125,64.0,7.0,0.125,34.0,35.0,I,0,1,9,9
50,34.25,64.0,7.0,0.25,34.0,35.0,I,0,1,9,9
51,34.5,61.0,4.0,0.25,34.0,35.0,I,0,1,9,9
52,34.75,64.0,7.0,1.125,34.0,35.0,I,0,1,9,9
53,35.875,61.0,4.0,0.125,35.5,36.0,V,7,5,9,4
54,36.0,64.0,7.0,0.25,35.5,36.0,V,7,5,9,4
55,36.25,64.0,7.0,0.125,36.0,37.0,I,0,1,9,9
56,36.375,61.0,4.0,0.125,36.0,37.0,I,0,1,9,9
57,36.5,61.0,4.0,0.25,36.0,37.0,I,0,1,9,9
58,36.75,57.0,0.0,0.75,36.0,37.0,I,0,1,9,9
59,37.5,64.0,7.0,0.25,37.0,37.5,IV,5,4,9,2
60,37.75,64.0,7.0,0.25,37.5,38.0,V,7,5,9,4
61,38.0,61.0,4.0,2.0,37.5,38.0,V,7,5,9,4
62,40.0,62.0,5.0,0.5,39.0,40.0,I,0,1,9,9
63,40.5,62.0,5.0,0.75,40.0,42.0,IV,5,4,9,2
64,41.25,62.0,5.0,0.25,40.0,42.0,IV,5,4,9,2
65,41.5,62.0,5.0,0.375,40.0,42.0,IV,5,4,9,2
66,41.875,61.0,4.0,0.125,40.0,42.0,IV,5,4,9,2
67,42.0,64.0,7.0,0.125,40.0,42.0,IV,5,4,9,2
68,42.125,64.0,7.0,0.125,42.0,43.0,I,0,1,9,9
69,42.25,64.0,7.0,0.125,42.0,43.0,I,0,1,9,9
70,42.375,62.0,5.0,0.125,42.0,43.0,I,0,1,9,9
71,42.5,61.0,4.0,0.25,42.0,43.0,I,0,1,9,9
72,42.75,57.0,0.0,1.25,42.0,43.0,I,0,1,9,9
73,44.0,62.0,5.0,0.25,43.5,44.0,I,0,1,9,9
74,44.25,62.0,5.0,0.25,44.0,46.0,IV,5,4,9,2
75,44.5,62.0,5.0,0.5,44.0,46.0,IV,5,4,9,2
76,45.0,62.0,5.0,0.125,44.0,46.0,IV,5,4,9,2
77,45.125,62.0,5.0,0.25,44.0,46.0,IV,5,4,9,2
78,45.375,62.0,5.0,0.5,44.0,46.0,IV,5,4,9,2
79,45.875,59.0,2.0,0.125,44.0,46.0,IV,5,4,9,2
80,46.0,59.0,2.0,0.25,44.0,46.0,IV,5,4,9,2
81,46.25,59.0,2.0,0.25,46.0,47.0,ii,2,2,9,11
82,46.5,59.0,2.0,0.25,46.0,47.0,ii,2,2,9,11
83,46.75,59.0,2.0,0.25,46.0,47.0,ii,2,2,9,11
84,47.0,62.0,5.0,0.125,46.0,47.0,ii,2,2,9,11
85,47.125,62.0,5.0,0.125,47.0,47.5,IV,5,4,9,2
86,47.25,62.0,5.0,0.125,47.0,47.5,IV,5,4,9,2
87,47.375,64.0,7.0,0.5,47.0,47.5,IV,5,4,9,2
88,47.875,61.0,4.0,0.125,47.5,48.0,V,7,5,9,4
89,48.0,64.0,7.0,0.125,47.5,48.0,V,7,5,9,4
90,48.125,64.0,7.0,0.125,48.0,49.0,I,0,1,9,9
91,48.25,64.0,7.0,0.125,48.0,49.0,I,0,1,9,9
92,48.375,61.0,4.0,0.125,48.0,49.0,I,0,1,9,9
93,48.5,61.0,4.0,0.25,48.0,49.0,I,0,1,9,9
94,48.75,64.0,7.0,1.125,48.0,49.0,I,0,1,9,9
95,49.875,61.0,4.0,0.125,49.5,50.0,V,7,5,9,4
96,50.0,64.0,7.0,0.125,49.5,50.0,V,7,5,9,4
97,50.125,64.0,7.0,0.125,50.0,51.0,I,0,1,9,9
98,50.25,64.0,7.0,0.125,50.0,51.0,I,0,1,9,9
99,50.375,61.0,4.0,0.125,50.0,51.0,I,0,1,9,9
100,50.5,61.0,4.0,0.25,50.0,51.0,I,0,1,9,9
101,50.75,64.0,7.0,1.125,50.0,51.0,I,0,1,9,9
102,51.875,61.0,4.0,0.125,51.5,52.0,V,7,5,9,4
103,52.0,64.0,7.0,0.125,51.5,52.0,V,7,5,9,4
104,52.125,64.0,7.0,0.125,52.0,53.0,I,0,1,9,9
105,52.25,64.0,7.0,0.125,52.0,53.0,I,0,1,9,9
106,52.375,62.0,5.0,0.125,52.0,53.0,I,0,1,9,9
107,52.5,61.0,4.0,0.25,52.0,53.0,I,0,1,9,9
108,52.75,57.0,0.0,0.625,52.0,53.0,I,0,1,9,9
109,53.375,59.0,2.0,0.125,53.0,53.5,IV,5,4,9,2
110,53.5,64.0,7.0,0.25,53.0,53.5,IV,5,4,9,2
111,53.75,64.0,7.0,0.25,53.5,54.0,V,7,5,9,4
112,54.0,61.0,4.0,1.875,53.5,54.0,V,7,5,9,4
113,55.875,61.0,4.0,0.125,55.0,57.0,I,0,1,9,9
114,56.0,64.0,7.0,0.125,55.0,57.0,I,0,1,9,9
115,56.125,64.0,7.0,0.125,55.0,57.0,I,0,1,9,9
116,56.25,64.0,7.0,0.125,55.0,57.0,I,0,1,9,9
117,56.375,61.0,4.0,0.125,55.0,57.0,I,0,1,9,9
118,56.5,61.0,4.0,0.25,55.0,57.0,I,0,1,9,9
119,56.75,64.0,7.0,1.125,55.0,57.0,I,0,1,9,9
120,57.875,61.0,4.0,0.125,57.5,58.0,V,7,5,9,4
121,58.0,64.0,7.0,0.125,57.5,58.0,V,7,5,9,4
122,58.125,64.0,7.0,0.125,58.0,59.0,I,0,1,9,9
123,58.25,64.0,7.0,0.25,58.0,59.0,I,0,1,9,9
124,58.5,61.0,4.0,0.25,58.0,59.0,I,0,1,9,9
125,58.75,64.0,7.0,1.125,58.0,59.0,I,0,1,9,9
126,59.875,61.0,4.0,0.125,59.5,60.0,V,7,5,9,4
127,60.0,64.0,7.0,0.25,59.5,60.0,V,7,5,9,4
128,60.25,64.0,7.0,0.125,60.0,61.0,I,0,1,9,9
129,60.375,61.0,4.0,0.125,60.0,61.0,I,0,1,9,9
130,60.5,61.0,4.0,0.25,60.0,61.0,I,0,1,9,9
131,60.75,57.0,0.0,0.75,60.0,61.0,I,0,1,9,9
132,61.5,64.0,7.0,0.25,61.0,61.5,IV,5,4,9,2
133,61.75,64.0,7.0,0.25,61.5,62.0,V,7,5,9,4
134,62.0,61.0,4.0,2.0,61.5,62.0,V,7,5,9,4
135,64.0,62.0,5.0,0.5,63.0,64.0,I,0,1,9,9
136,64.5,62.0,5.0,0.75,64.0,66.0,IV,5,4,9,2
137,65.25,62.0,5.0,0.25,64.0,66.0,IV,5,4,9,2
138,65.5,62.0,5.0,0.5,64.0,66.0,IV,5,4,9,2
139,66.0,64.0,7.0,0.125,64.0,66.0,IV,5,4,9,2
140,66.125,64.0,7.0,0.125,66.0,67.0,I,0,1,9,9
141,66.25,64.0,7.0,0.125,66.0,67.0,I,0,1,9,9
142,66.375,62.0,5.0,0.125,66.0,67.0,I,0,1,9,9
143,66.5,61.0,4.0,0.25,66.0,67.0,I,0,1,9,9
144,66.75,57.0,0.0,1.25,66.0,67.0,I,0,1,9,9
145,68.0,62.0,5.0,0.25,67.5,68.0,I,0,1,9,9
146,68.25,62.0,5.0,0.25,68.0,70.0,IV,5,4,9,2
147,68.5,62.0,5.0,0.5,68.0,70.0,IV,5,4,9,2
148,69.0,62.0,5.0,0.125,68.0,70.0,IV,5,4,9,2
149,69.125,62.0,5.0,0.25,68.0,70.0,IV,5,4,9,2
150,69.375,62.0,5.0,0.5,68.0,70.0,IV,5,4,9,2
151,69.875,59.0,2.0,0.125,68.0,70.0,IV,5,4,9,2
152,70.0,59.0,2.0,0.25,68.0,70.0,IV,5,4,9,2
153,70.25,59.0,2.0,0.25,70.0,71.0,ii,2,2,9,11
154,70.5,59.0,2.0,0.25,70.0,71.0,ii,2,2,9,11
155,70.75,59.0,2.0,0.25,70.0,71.0,ii,2,2,9,11
156,71.0,62.0,5.0,0.125,70.0,71.0,ii,2,2,9,11
157,71.125,62.0,5.0,0.125,71.0,71.5,IV,5,4,9,2
158,71.25,62.0,5.0,0.125,71.0,71.5,IV,5,4,9,2
159,71.375,64.0,7.0,0.5,71.0,71.5,IV,5,4,9,2
160,71.875,61.0,4.0,0.125,71.5,72.0,V,7,5,9,4
161,72.0,64.0,7.0,0.125,71.5,72.0,V,7,5,9,4
162,72.125,64.0,7.0,0.125,72.0,73.0,I,0,1,9,9
163,72.25,64.0,7.0,0.125,72.0,73.0,I,0,1,9,9
164,72.375,61.0,4.0,0.125,72.0,73.0,I,0,1,9,9
165,72.5,61.0,4.0,0.25,72.0,73.0,I,0,1,9,9
166,72.75,64.0,7.0,1.125,72.0,73.0,I,0,1,9,9
167,73.875,61.0,4.0,0.125,73.5,74.0,V,7,5,9,4
168,74.0,64.0,7.0,0.125,73.5,74.0,V,7,5,9,4
169,74.125,64.0,7.0,0.125,74.0,75.0,I,0,1,9,9
170,74.25,64.0,7.0,0.125,74.0,75.0,I,0,1,9,9
171,74.375,61.0,4.0,0.125,74.0,75.0,I,0,1,9,9
172,74.5,61.0,4.0,0.25,74.0,75.0,I,0,1,9,9
173,74.75,64.0,7.0,1.125,74.0,75.0,I,0,1,9,9
174,75.875,61.0,4.0,0.125,75.5,76.0,V,7,5,9,4
175,76.0,64.0,7.0,0.125,75.5,76.0,V,7,5,9,4
176,76.125,64.0,7.0,0.125,76.0,77.0,I,0,1,9,9
177,76.25,64.0,7.0,0.125,76.0,77.0,I,0,1,9,9
178,76.375,62.0,5.0,0.125,76.0,77.0,I,0,1,9,9
179,76.5,61.0,4.0,0.25,76.0,77.0,I,0,1,9,9
180,76.75,57.0,0.0,0.75,76.0,77.0,I,0,1,9,9
181,77.5,64.0,7.0,0.25,77.0,77.5,IV,5,4,9,2
182,77.75,64.0,7.0,0.25,77.5,78.0,V,7,5,9,4
183,78.0,61.0,4.0,1.875,77.5,78.0,V,7,5,9,4
184,79.875,61.0,4.0,0.125,79.0,81.0,I,0,1,9,9
185,80.0,64.0,7.0,0.125,79.0,81.0,I,0,1,9,9
186,80.125,64.0,7.0,0.125,79.0,81.0,I,0,1,9,9
187,80.25,64.0,7.0,0.125,79.0,81.0,I,0,1,9,9
188,80.375,61.0,4.0,0.125,79.0,81.0,I,0,1,9,9
189,80.5,61.0,4.0,0.25,79.0,81.0,I,0,1,9,9
190,80.75,64.0,7.0,1.125,79.0,81.0,I,0,1,9,9
191,81.875,61.0,4.0,0.125,81.5,82.0,V,7,5,9,4
192,82.0,64.0,7.0,0.125,81.5,82.0,V,7,5,9,4
193,82.125,64.0,7.0,0.125,82.0,83.0,I,0,1,9,9
194,82.25,64.0,7.0,0.25,82.0,83.0,I,0,1,9,9
195,82.5,61.0,4.0,0.25,82.0,83.0,I,0,1,9,9
196,82.75,64.0,7.0,1.125,82.0,83.0,I,0,1,9,9
197,83.875,61.0,4.0,0.125,83.5,84.0,V,7,5,9,4
198,84.0,64.0,7.0,0.25,83.5,84.0,V,7,5,9,4
199,84.25,64.0,7.0,0.125,84.0,85.0,I,0,1,9,9
200,84.375,61.0,4.0,0.125,84.0,85.0,I,0,1,9,9
201,84.5,61.0,4.0,0.25,84.0,85.0,I,0,1,9,9
202,84.75,57.0,0.0,0.75,84.0,85.0,I,0,1,9,9
203,85.5,64.0,7.0,0.25,85.0,85.5,IV,5,4,9,2
204,85.75,64.0,7.0,0.25,85.5,86.0,V,7,5,9,4
205,86.0,61.0,4.0,2.0,85.5,86.0,V,7,5,9,4
206,88.0,64.0,7.0,0.5,87.0,96.0,I,0,1,9,9
207,88.5,64.0,7.0,0.75,87.0,96.0,I,0,1,9,9
208,89.25,64.0,7.0,0.25,87.0,96.0,I,0,1,9,9
209,89.5,64.0,7.0,0.5,87.0,96.0,I,0,1,9,9
210,90.0,64.0,7.0,0.5,87.0,96.0,I,0,1,9,9
211,90.5,64.0,7.0,0.75,87.0,96.0,I,0,1,9,9
212,91.25,64.0,7.0,0.25,87.0,96.0,I,0,1,9,9
213,91.5,64.0,7.0,0.5,87.0,96.0,I,0,1,9,9
214,92.0,64.0,7.0,0.5,87.0,96.0,I,0,1,9,9
215,92.5,64.0,7.0,0.75,87.0,96.0,I,0,1,9,9
216,93.25,64.0,7.0,0.25,87.0,96.0,I,0,1,9,9
217,93.5,64.0,7.0,0.5,87.0,96.0,I,0,1,9,9
218,94.0,64.0,7.0,0.5,87.0,96.0,I,0,1,9,9
219,94.5,64.0,7.0,0.75,87.0,96.0,I,0,1,9,9
220,95.25,64.0,7.0,0.25,87.0,96.0,I,0,1,9,9
