,time,note,scale degree,length,start,end,numeral,chromatic root,diatonic root,key,absolute root
0,1.625,54.0,4.0,0.125,0.0,8.0,I,0,1,2,2
1,1.75,54.0,4.0,0.062,0.0,8.0,I,0,1,2,2
2,1.812,57.0,7.0,0.1879999999999999,0.0,8.0,I,0,1,2,2
3,2.0,59.0,9.0,0.75,0.0,8.0,I,0,1,2,2
4,2.75,54.0,4.0,0.125,0.0,8.0,I,0,1,2,2
5,2.875,57.0,7.0,0.125,0.0,8.0,I,0,1,2,2
6,3.0,59.0,9.0,0.75,0.0,8.0,I,0,1,2,2
7,3.75,54.0,4.0,0.125,0.0,8.0,I,0,1,2,2
8,3.875,57.0,7.0,0.125,0.0,8.0,I,0,1,2,2
9,4.0,59.0,9.0,0.5,0.0,8.0,I,0,1,2,2
10,4.5,61.0,11.0,0.375,0.0,8.0,I,0,1,2,2
11,4.875,57.0,7.0,0.125,0.0,8.0,I,0,1,2,2
12,5.0,54.0,4.0,0.75,0.0,8.0,I,0,1,2,2
13,5.75,61.0,11.0,0.125,0.0,8.0,I,0,1,2,2
14,5.875,62.0,0.0,0.125,0.0,8.0,I,0,1,2,2
15,6.0,64.0,2.0,0.125,0.0,8.0,I,0,1,2,2
16,6.125,62.0,0.0,0.125,0.0,8.0,I,0,1,2,2
17,6.25,62.0,0.0,0.125,0.0,8.0,I,0,1,2,2
18,6.375,62.0,0.0,0.25,0.0,8.0,I,0,1,2,2
19,6.625,62.0,0.0,0.125,0.0,8.0,I,0,1,2,2
20,6.75,61.0,11.0,0.125,0.0,8.0,I,0,1,2,2
21,6.875,62.0,0.0,0.125,0.0,8.0,I,0,1,2,2
22,7.0,64.0,2.0,0.25,0.0,8.0,I,0,1,2,2
23,7.25,62.0,0.0,0.125,0.0,8.0,I,0,1,2,2
24,7.375,62.0,0.0,0.375,0.0,8.0,I,0,1,2,2
25,7.75,61.0,11.0,0.125,0.0,8.0,I,0,1,2,2
26,7.875,62.0,0.0,0.125,0.0,8.0,I,0,1,2,2
27,8.0,64.0,2.0,0.375,0.0,8.0,I,0,1,2,2
28,8.375,62.0,0.0,0.125,8.0,9.0,IV,5,4,2,7
29,8.5,59.0,9.0,0.25,8.0,9.0,IV,5,4,2,7
30,8.75,55.0,5.0,0.25,8.0,9.0,IV,5,4,2,7
31,9.0,52.0,2.0,0.75,8.0,9.0,IV,5,4,2,7
32,9.75,59.0,9.0,0.125,9.0,10.0,iih65,2,2,2,4
33,9.875,59.0,9.0,0.125,9.0,10.0,iih65,2,2,2,4
34,10.0,59.0,9.0,0.125,9.0,10.0,iih65,2,2,2,4
35,10.125,57.0,7.0,0.25,10.0,11.0,I,0,1,2,2
36,10.375,57.0,7.0,0.5,10.0,11.0,I,0,1,2,2
37,10.875,57.0,7.0,0.25,10.0,11.0,I,0,1,2,2
38,11.125,59.0,9.0,0.125,11.0,13.0,V7,7,5,2,9
39,11.25,61.0,11.0,0.125,11.0,13.0,V7,7,5,2,9
40,11.375,59.0,9.0,0.125,11.0,13.0,V7,7,5,2,9
41,11.5,57.0,7.0,0.75,11.0,13.0,V7,7,5,2,9
42,12.25,57.0,7.0,0.25,11.0,13.0,V7,7,5,2,9
43,12.5,59.0,9.0,0.25,11.0,13.0,V7,7,5,2,9
44,12.75,61.0,11.0,0.25,11.0,13.0,V7,7,5,2,9
45,13.0,62.0,0.0,0.125,11.0,13.0,V7,7,5,2,9
46,13.125,57.0,7.0,0.125,13.0,14.0,I,0,1,2,2
47,13.25,59.0,9.0,0.125,13.0,14.0,I,0,1,2,2
48,13.375,54.0,4.0,0.125,13.0,14.0,I,0,1,2,2
49,13.5,57.0,7.0,0.5,13.0,14.0,I,0,1,2,2
50,14.0,57.0,7.0,0.125,13.0,14.0,I,0,1,2,2
51,14.125,66.0,4.0,0.25,14.0,15.0,iii,4,3,2,6
52,14.375,61.0,11.0,0.625,14.0,15.0,iii,4,3,2,6
53,15.0,62.0,0.0,0.125,14.0,15.0,iii,4,3,2,6
54,15.125,57.0,7.0,0.125,15.0,16.0,I,0,1,2,2
55,15.25,59.0,9.0,0.125,15.0,16.0,I,0,1,2,2
56,15.375,54.0,4.0,0.125,15.0,16.0,I,0,1,2,2
57,15.5,57.0,7.0,0.5,15.0,16.0,I,0,1,2,2
58,16.0,57.0,7.0,0.125,15.0,16.0,I,0,1,2,2
59,16.125,66.0,4.0,0.25,16.0,17.0,iii,4,3,2,6
60,16.375,61.0,11.0,0.5,16.0,17.0,iii,4,3,2,6
61,16.875,57.0,7.0,0.125,16.0,17.0,iii,4,3,2,6
62,17.0,55.0,5.0,0.75,16.0,17.0,iii,4,3,2,6
63,17.75,55.0,5.0,0.125,17.0,18.0,IV,5,4,2,7
64,17.875,55.0,5.0,0.125,17.0,18.0,IV,5,4,2,7
65,18.0,54.0,4.0,0.75,17.0,18.0,IV,5,4,2,7
66,18.75,50.0,0.0,0.125,18.0,19.0,V7,7,5,2,9
67,18.875,52.0,2.0,0.125,18.0,19.0,V7,7,5,2,9
68,19.0,52.0,2.0,0.125,18.0,19.0,V7,7,5,2,9
69,19.125,50.0,0.0,0.75,19.0,20.0,IV,5,4,2,7
70,19.875,49.0,11.0,0.0629999999999988,19.0,20.0,IV,5,4,2,7
71,19.938,50.0,0.0,0.0620000000000011,19.0,20.0,IV,5,4,2,7
72,20.0,49.0,11.0,0.625,19.0,20.0,IV,5,4,2,7
73,20.625,49.0,11.0,0.125,20.0,21.0,V7,7,5,2,9
74,20.75,50.0,0.0,0.125,20.0,21.0,V7,7,5,2,9
75,20.875,52.0,2.0,0.125,20.0,21.0,V7,7,5,2,9
76,21.0,52.0,2.0,0.25,20.0,21.0,V7,7,5,2,9
77,21.25,50.0,0.0,0.75,21.0,23.0,I,0,1,2,2
78,22.0,52.0,2.0,0.125,21.0,23.0,I,0,1,2,2
79,22.125,50.0,0.0,0.875,21.0,23.0,I,0,1,2,2
80,23.0,52.0,2.0,0.125,21.0,23.0,I,0,1,2,2
81,23.125,50.0,0.0,0.875,23.0,24.0,IV,5,4,2,7
82,24.0,54.0,4.0,0.375,23.0,24.0,IV,5,4,2,7
83,24.375,55.0,5.0,0.0629999999999988,24.0,25.0,iih65,2,2,2,4
84,24.438,54.0,4.0,0.0620000000000011,24.0,25.0,iih65,2,2,2,4
85,24.5,52.0,2.0,0.125,24.0,25.0,iih65,2,2,2,4
86,24.625,50.0,0.0,0.125,24.0,25.0,iih65,2,2,2,4
87,24.75,50.0,0.0,0.125,24.0,25.0,iih65,2,2,2,4
88,24.875,50.0,0.0,0.125,24.0,25.0,iih65,2,2,2,4
89,25.0,57.0,7.0,0.875,24.0,25.0,iih65,2,2,2,4
90,25.875,50.0,0.0,0.125,25.0,27.0,I,0,1,2,2
91,26.0,50.0,0.0,0.75,25.0,27.0,I,0,1,2,2
92,26.75,50.0,0.0,0.125,25.0,27.0,I,0,1,2,2
93,26.875,50.0,0.0,0.125,25.0,27.0,I,0,1,2,2
94,27.0,57.0,7.0,0.75,25.0,27.0,I,0,1,2,2
95,27.75,50.0,0.0,0.125,27.0,29.0,V7,7,5,2,9
96,27.875,50.0,0.0,0.125,27.0,29.0,V7,7,5,2,9
97,28.0,49.0,11.0,0.625,27.0,29.0,V7,7,5,2,9
98,28.625,49.0,11.0,0.125,27.0,29.0,V7,7,5,2,9
99,28.75,50.0,0.0,0.125,27.0,29.0,V7,7,5,2,9
100,28.875,52.0,2.0,0.125,27.0,29.0,V7,7,5,2,9
101,29.0,52.0,2.0,0.25,27.0,29.0,V7,7,5,2,9
102,29.25,50.0,0.0,1.375,29.0,37.0,I,0,1,2,2
103,30.625,54.0,4.0,0.125,29.0,37.0,I,0,1,2,2
104,30.75,54.0,4.0,0.125,29.0,37.0,I,0,1,2,2
105,30.875,57.0,7.0,0.0629999999999988,29.0,37.0,I,0,1,2,2
106,30.938,59.0,9.0,0.6870000000000012,29.0,37.0,I,0,1,2,2
107,31.625,50.0,0.0,0.125,29.0,37.0,I,0,1,2,2
108,31.75,54.0,4.0,0.125,29.0,37.0,I,0,1,2,2
109,31.875,57.0,7.0,0.125,29.0,37.0,I,0,1,2,2
110,32.0,59.0,9.0,0.75,29.0,37.0,I,0,1,2,2
111,32.75,54.0,4.0,0.125,29.0,37.0,I,0,1,2,2
112,32.875,57.0,7.0,0.125,29.0,37.0,I,0,1,2,2
113,33.0,59.0,9.0,0.5,29.0,37.0,I,0,1,2,2
114,33.5,61.0,11.0,0.375,29.0,37.0,I,0,1,2,2
115,33.875,57.0,7.0,0.125,29.0,37.0,I,0,1,2,2
116,34.0,57.0,7.0,0.0619999999999976,29.0,37.0,I,0,1,2,2
117,34.062,54.0,4.0,0.75,29.0,37.0,I,0,1,2,2
118,34.812,61.0,11.0,0.0630000000000023,29.0,37.0,I,0,1,2,2
119,34.875,61.0,11.0,0.0630000000000023,29.0,37.0,I,0,1,2,2
120,34.938,62.0,0.0,0.0619999999999976,29.0,37.0,I,0,1,2,2
121,35.0,64.0,2.0,0.125,29.0,37.0,I,0,1,2,2
122,35.125,62.0,0.0,0.25,29.0,37.0,I,0,1,2,2
123,35.375,62.0,0.0,0.375,29.0,37.0,I,0,1,2,2
124,35.75,61.0,11.0,0.125,29.0,37.0,I,0,1,2,2
125,35.875,62.0,0.0,0.125,29.0,37.0,I,0,1,2,2
126,36.0,64.0,2.0,0.25,29.0,37.0,I,0,1,2,2
127,36.25,62.0,0.0,0.125,29.0,37.0,I,0,1,2,2
128,36.375,62.0,0.0,0.5,29.0,37.0,I,0,1,2,2
129,36.875,62.0,0.0,0.125,29.0,37.0,I,0,1,2,2
130,37.0,64.0,2.0,0.125,29.0,37.0,I,0,1,2,2
131,37.125,62.0,0.0,0.25,37.0,38.0,IV,5,4,2,7
132,37.375,62.0,0.0,0.125,37.0,38.0,IV,5,4,2,7
133,37.5,62.0,0.0,0.125,37.0,38.0,IV,5,4,2,7
134,37.625,59.0,9.0,0.25,37.0,38.0,IV,5,4,2,7
135,37.875,62.0,0.0,0.125,37.0,38.0,IV,5,4,2,7
136,38.0,66.0,4.0,0.375,37.0,38.0,IV,5,4,2,7
137,38.375,67.0,5.0,0.0630000000000023,38.0,39.0,iih65,2,2,2,4
138,38.438,66.0,4.0,0.0619999999999976,38.0,39.0,iih65,2,2,2,4
139,38.5,64.0,2.0,0.25,38.0,39.0,iih65,2,2,2,4
140,38.75,62.0,0.0,0.125,38.0,39.0,iih65,2,2,2,4
141,38.875,62.0,0.0,0.125,38.0,39.0,iih65,2,2,2,4
142,39.0,69.0,7.0,0.75,38.0,39.0,iih65,2,2,2,4
143,39.75,62.0,0.0,0.125,39.0,41.0,I,0,1,2,2
144,39.875,62.0,0.0,0.875,39.0,41.0,I,0,1,2,2
145,40.75,62.0,0.0,0.125,39.0,41.0,I,0,1,2,2
146,40.875,62.0,0.0,0.125,39.0,41.0,I,0,1,2,2
147,41.0,69.0,7.0,0.75,39.0,41.0,I,0,1,2,2
148,41.75,61.0,11.0,0.25,41.0,43.0,V7,7,5,2,9
149,42.0,61.0,11.0,1.0,41.0,43.0,V7,7,5,2,9
150,43.0,74.0,0.0,0.125,41.0,43.0,V7,7,5,2,9
151,43.125,69.0,7.0,0.125,43.0,44.0,I,0,1,2,2
152,43.25,71.0,9.0,0.125,43.0,44.0,I,0,1,2,2
153,43.375,66.0,4.0,0.125,43.0,44.0,I,0,1,2,2
154,43.5,69.0,7.0,0.125,43.0,44.0,I,0,1,2,2
155,43.625,66.0,4.0,0.1869999999999976,43.0,44.0,I,0,1,2,2
156,43.812,62.0,0.0,0.1880000000000024,43.0,44.0,I,0,1,2,2
157,44.0,61.0,11.0,0.125,43.0,44.0,I,0,1,2,2
158,44.125,66.0,4.0,0.25,44.0,45.0,iii,4,3,2,6
159,44.375,61.0,11.0,0.625,44.0,45.0,iii,4,3,2,6
160,45.0,74.0,0.0,0.125,44.0,45.0,iii,4,3,2,6
161,45.125,69.0,7.0,0.125,45.0,46.0,I,0,1,2,2
162,45.25,71.0,9.0,0.125,45.0,46.0,I,0,1,2,2
163,45.375,66.0,4.0,0.125,45.0,46.0,I,0,1,2,2
164,45.5,69.0,7.0,0.125,45.0,46.0,I,0,1,2,2
165,45.625,66.0,4.0,0.1869999999999976,45.0,46.0,I,0,1,2,2
166,45.812,62.0,0.0,0.1880000000000024,45.0,46.0,I,0,1,2,2
167,46.0,61.0,11.0,0.125,45.0,46.0,I,0,1,2,2
168,46.125,66.0,4.0,0.25,46.0,47.0,iii,4,3,2,6
169,46.375,61.0,11.0,0.625,46.0,47.0,iii,4,3,2,6
170,47.0,62.0,0.0,0.75,46.0,47.0,iii,4,3,2,6
171,47.75,62.0,0.0,0.125,47.0,48.0,IV,5,4,2,7
172,47.875,66.0,4.0,0.25,47.0,48.0,IV,5,4,2,7
173,48.125,61.0,11.0,0.75,48.0,49.0,V7,7,5,2,9
174,48.875,59.0,9.0,0.25,48.0,49.0,V7,7,5,2,9
175,49.125,62.0,0.0,0.5,49.0,50.0,IV,5,4,2,7
176,49.625,62.0,0.0,0.25,49.0,50.0,IV,5,4,2,7
177,49.875,61.0,11.0,0.0630000000000023,49.0,50.0,IV,5,4,2,7
178,49.938,62.0,0.0,0.0619999999999976,49.0,50.0,IV,5,4,2,7
179,50.0,61.0,11.0,0.75,49.0,50.0,IV,5,4,2,7
180,50.75,62.0,0.0,0.125,50.0,51.0,V7,7,5,2,9
181,50.875,64.0,2.0,0.125,50.0,51.0,V7,7,5,2,9
182,51.0,64.0,2.0,0.125,50.0,51.0,V7,7,5,2,9
183,51.125,62.0,0.0,0.875,51.0,53.0,I,0,1,2,2
184,52.0,64.0,2.0,0.125,51.0,53.0,I,0,1,2,2
185,52.125,62.0,0.0,0.875,51.0,53.0,I,0,1,2,2
186,53.0,64.0,2.0,0.125,51.0,53.0,I,0,1,2,2
187,53.125,62.0,0.0,0.875,53.0,54.0,IV,5,4,2,7
188,54.0,66.0,4.0,0.375,53.0,54.0,IV,5,4,2,7
189,54.375,67.0,5.0,0.0630000000000023,54.0,55.0,iih65,2,2,2,4
190,54.438,66.0,4.0,0.0619999999999976,54.0,55.0,iih65,2,2,2,4
191,54.5,64.0,2.0,0.25,54.0,55.0,iih65,2,2,2,4
192,54.75,62.0,0.0,0.125,54.0,55.0,iih65,2,2,2,4
193,54.875,62.0,0.0,0.125,54.0,55.0,iih65,2,2,2,4
194,55.0,66.0,4.0,1.0,54.0,55.0,iih65,2,2,2,4
195,56.0,62.0,0.0,1.0,55.0,58.0,I,0,1,2,2
196,57.0,69.0,7.0,1.0,55.0,58.0,I,0,1,2,2
197,58.0,62.0,0.0,1.0,55.0,58.0,I,0,1,2,2
198,59.0,67.0,5.0,0.75,58.0,59.0,vi,9,6,2,11
199,59.75,66.0,4.0,0.125,59.0,60.0,IV,5,4,2,7
200,59.875,67.0,5.0,0.125,59.0,60.0,IV,5,4,2,7
201,60.0,69.0,7.0,0.75,59.0,60.0,IV,5,4,2,7
202,60.75,68.0,6.0,0.25,60.0,61.0,V7,7,5,2,9
